   -0.07275094
   -0.00150613
   -0.07832869
   -0.01195511
   -0.06947096
   -0.06961958
   -0.00413801
   -0.14009601
    0.03674052
   -0.07535993
    0.04627704
   -0.09342485
    0.02394163
   -0.08166534
    0.03866822
   -0.08892903
    0.03694209
   -0.07587810
    0.03997424
    0.58555677
   -0.04740258
    0.05885135
    0.08194224
    0.13455283
   -0.10882292
    0.13043142
    0.10645169
    0.07745776
   -0.09360279
    0.08088481
    0.08023923
    0.11678582
   -0.09034034
    0.08102648
    0.08145943
    0.09349381
    1.26652637
   -0.32999630
   -0.32187908
   -0.31899951
   -0.32551303
   -0.35040138
   -0.35643788
   -0.12158049
    0.13381497
   -0.28066905
    0.09901838
    0.10020611
    0.07752482
