$coord
          1.136300018260         -5.767108166820         -1.133679932562     c
          1.376193796659         -7.580913268259         -2.008880811321     h
         -0.042794782588         -5.301420063403          1.210861853682     c
         -0.836444803111         -6.698442805609          2.453306025375     h
          0.112870370637         -2.663109157880          1.703835688230     c
          2.056358797788         -3.447996972908         -2.073194005088     c
          3.146626738439         -3.209090934479         -3.768889777099     h
          1.456234207135         -1.539279604790         -0.323266783046     c
          1.920830381931          0.427808276223         -0.505683407203     h
         -4.651423635564         -5.982995752674         -2.843912596593     c
         -4.286543379507         -7.959363595321         -3.123760805620     h
         -5.543544859523         -4.842988505979         -0.597892633251     c
         -6.003781633583         -5.806011669996          1.128913624327     h
         -5.890257554866         -2.243405315158         -1.081193413950     c
         -6.572437254454         -0.854504119945          0.230553698213     h
         -4.416222364828         -4.074273604794         -4.690720324083     c
         -3.869073909353         -4.346323040664         -6.629416830899     h
         -5.223194474468         -1.776249698698         -3.604360551237     c
         -5.315084546833          0.023423717097         -4.539293571458     h
         -2.043417377128         -3.457088987369         -1.496153434563     fe
         -1.043547820296         -1.367565047208          3.921811404255     c
         -2.603138404825         -2.510091063801          4.639674555807     h
         -1.780488041631          0.458190627652          3.325295115476     h
          0.743728038202         -0.930377601238          6.072698437275     n
          2.888160984905          0.634503265953          5.246113852441     c
          3.983141521872         -0.375764861011          3.830127381846     h
          2.189751334179          2.390065605202          4.432753857534     h
          4.092052263178          1.065718586890          6.855390006933     h
          1.670947492522         -3.377379167563          7.020351789118     c
          2.948098097348         -3.069108211699          8.600999850255     h
          0.068458168124         -4.506534371928          7.643128170625     h
          2.669255203793         -4.367190845685          5.520620716371     h
         -0.641627488134          0.378203918063          8.098575891653     c
         -2.245186592294         -0.770986398507          8.680745718958     h
          0.596397169575          0.674799500191          9.711278667626     h
         -1.318254366492          2.197468132044          7.418146093104     h
         -2.500190395729          4.959428148749         -0.721150228462     p
         -3.593876554696          5.218855619120         -3.571448469069     f
         -5.350836338455          4.878742342330          0.384859384005     f
         -2.503249892778          8.030798909938         -0.472696862927     f
         -1.386348161682          4.753678585954          2.127928465295     f
          0.365466264902          5.081922666755         -1.812653891839     f
         -2.469349972841          1.932967245250         -0.959598250257     f
         15.312507883668          1.151147578731         -0.286435034419     c
         17.124757500858          0.583892452473         -2.215592256668     c
         18.572104711951          0.129647989197         -3.758669027571     n
         13.468886774232          0.427232692521         -0.844578206244     h
         15.891625664316          0.268158436948          1.479909351102     h
         15.206666390294          3.190083899419         -0.026225316253     h
$end
$end
