           1           2  0.97530102832145316     
           1           3   1.3162167438430361     
           3           4  0.97346165219675340     
           3           5   1.4658777992604208     
           1           6   1.5266200374844738     
           6           7  0.97369735091420440     
           5           8   1.2141267154216204     
           6           8   1.2795267846114338     
           8           9  0.91797186917593954     
          10          11  0.95561987827403061     
          10          12   1.3233685364855281     
          12          13  0.96292039263599727     
          12          14   1.2767738997143132     
          14          15  0.96561167594444408     
          10          16   1.3092014634785696     
          16          17  0.96297554717815137     
          14          18   1.3558682661928207     
          16          18   1.2931656738212720     
          18          19  0.96343793952338674     
           8          20  0.37329639976486889     
          10          20  0.29266793685494918     
          12          20  0.33440213552391679     
          14          20  0.29571339963094306     
          16          20  0.32916279602630671     
          18          20  0.28920176209672371     
           5          21   1.0272714411829864     
          21          22  0.97004421198180368     
          21          23  0.96445804526866641     
          21          24  0.86325578704470085     
          24          25  0.95688018277460696     
          25          26  0.94918631153055655     
          25          27  0.97078659495544328     
          25          28  0.97731913556844885     
          24          29  0.96533846703340387     
          29          30  0.97809715278518938     
          29          31  0.97851410543207418     
          29          32  0.96376225464292009     
          24          33  0.97207372230264588     
          33          34  0.97759895717673462     
          33          35  0.97696887984688430     
          33          36  0.97624445190538189     
          20          38  0.20764081631468079     
          37          38  0.76498790085678314     
          37          39  0.92092100708303104     
          37          40  0.95775168663790600     
          37          41  0.94653179685200828     
          37          42  0.89725741077145826     
          20          43  0.20452781120622965     
          37          43  0.72902208920256129     
          44          45   1.0878723437110009     
          45          46   2.8074904094056885     
          44          47  0.94027200188292837     
          44          48  0.94125128841705796     
          44          49  0.94975656453553614     
