   -0.08139892
    0.03795096
   -0.08437288
    0.04028070
   -0.08310284
    0.03376757
   -0.08076256
    0.03688241
   -0.08242782
    0.04740874
   -0.07972740
    0.03657423
   -0.08053489
    0.03263656
   -0.08075334
    0.02992322
   -0.08033215
    0.03945818
   -0.08104832
    0.03152159
    0.47735242
   -0.12507326
    0.12368552
   -0.29216517
    0.09221220
    0.10759070
    0.08753675
   -0.12730166
    0.13112619
   -0.29705387
    0.09086464
    0.11370395
    0.09159831
   -0.12707715
    0.12929611
   -0.30219823
    0.10538303
    0.09913933
    0.09140671
   -0.13371264
    0.12384076
   -0.30447829
    0.11247228
    0.09442982
    0.08289108
   -0.12405090
    0.12910655
   -0.28801654
    0.09489611
    0.09703128
    0.09733598
   -0.13032973
    0.12862780
   -0.30271798
    0.08813830
    0.12230943
    0.09047548
   -0.12875764
    0.13203812
   -0.30220093
    0.09052101
    0.11784643
    0.09270259
   -0.12536836
    0.12796156
   -0.29677208
    0.09413509
    0.09368611
    0.10520450
   -0.12650534
    0.12518153
   -0.29984492
    0.08407910
    0.09211808
    0.11597377
   -0.12394328
    0.12969534
   -0.28964805
    0.09637229
    0.09957454
    0.09518068
   -0.13172093
    0.12903475
   -0.30327494
    0.08809185
    0.10452143
    0.10038821
   -0.12923102
    0.13011209
   -0.30208231
    0.11186970
    0.10280877
    0.08514940
   -0.12506745
    0.13102344
   -0.29379831
    0.09882741
    0.09839242
    0.09933643
   -0.12695454
    0.12498515
   -0.29748218
    0.09041727
    0.11243321
    0.08922287
   -0.12432949
    0.13236334
   -0.29056988
    0.09709532
    0.09805183
    0.09599671
   -0.12566433
    0.12888404
   -0.29619349
    0.10570041
    0.09704790
    0.09277821
   -0.12177282
    0.12500870
   -0.28727327
    0.09393129
    0.09530022
    0.09480510
   -0.12344708
    0.12738568
   -0.28744985
    0.09620077
    0.09627016
    0.09540532
   -0.13074339
    0.12832535
   -0.30237504
    0.09326427
    0.08678057
    0.12223720
   -0.12729987
    0.13074012
   -0.30094774
    0.10614278
    0.10131174
    0.09058798
