           1           2  0.96398132978925799     
           1           3   1.3030799414856913     
           3           4  0.95934269718364817     
           3           5   1.2883999817696736     
           5           6  0.96084809718298891     
           1           7   1.3043246052757098     
           7           8  0.96022730818126567     
           5           9   1.3148579353384919     
           7           9   1.2939268898684813     
           9          10  0.95665615432418516     
          11          12  0.96431976453394808     
          11          13   1.3063469098925775     
          13          14  0.96000309473133960     
          13          15   1.2899996147873345     
          15          16  0.96128591987458711     
          11          17   1.3045941917987303     
          17          18  0.95756045880712093     
          15          19   1.3163091478641260     
          17          19   1.2904144132440234     
          19          20  0.96138658453801806     
           1          21  0.30950027384063927     
           3          21  0.32443895422625690     
           5          21  0.31188341337666275     
           7          21  0.32025013163742239     
           9          21  0.31121844835343410     
          11          21  0.30604861818124024     
          13          21  0.31935406953284057     
          15          21  0.30771226390295497     
          17          21  0.31889533416557830     
          19          21  0.30546633238578530     
          22          23   1.0858021881722122     
          23          24   2.8199534447167101     
          22          25  0.94622904566549604     
          22          26  0.93180614766020031     
          22          27  0.94716750838116848     
          28          29   1.0931384178760737     
          29          30   2.8051331273702789     
          28          31  0.94430039184448855     
          28          32  0.92863885978150917     
          28          33  0.94475114824971418     
          34          35   1.0948060665933770     
          35          36   2.8003300929226089     
          34          37  0.92862950037471792     
          34          38  0.93530418764624879     
          34          39  0.94455169650541926     
          40          41   1.0906540187023590     
          41          42   2.8105389607749998     
          40          43  0.92882307136829401     
          40          44  0.93474590679531810     
          40          45  0.94234391859533284     
          46          47   1.0866403991914602     
          47          48   2.8154764289336449     
          46          49  0.94553847816013681     
          46          50  0.94421328815535910     
          46          51  0.94501283449057338     
          52          53   1.0935449283659771     
          53          54   2.8019880546340388     
          52          55  0.94549601984725196     
          52          56  0.92324507400562372     
          52          57  0.94490576183664865     
          58          59   1.0944369339475719     
          59          60   2.8015504338849606     
          58          61  0.94397870617192536     
          58          62  0.92700954248110623     
          58          63  0.94420396301070109     
          64          65   1.0899047029759137     
          65          66   2.8093250952820621     
          64          67  0.94473232272905105     
          64          68  0.94465167295202845     
          64          69  0.93251888091769042     
          70          71   1.0908060803781292     
          71          72   2.8125511727311898     
          70          73  0.94627945489937304     
          70          74  0.94038141455006696     
          70          75  0.92944802212815480     
          76          77   1.0879028659809129     
          77          78   2.8144557556557279     
          76          79  0.94426550705717438     
          76          80  0.94366522246637263     
          76          81  0.94531781653560087     
          82          83   1.0946804805775179     
          83          84   2.8017611792746435     
          82          85  0.94470484257929721     
          82          86  0.92891082715154150     
          82          87  0.92928692988454598     
          88          89   1.0947837245509418     
          89          90   2.8027807777281204     
          88          91  0.93108072710099798     
          88          92  0.93441734389360975     
          88          93  0.94533950250492438     
          94          95   1.0894564966136937     
          95          96   2.8058455786726664     
          94          97  0.94342263792452341     
          94          98  0.94401345731831010     
          94          99  0.94343671852213251     
         100         101   1.0893607594991490     
         101         102   2.8144764818545864     
         100         103  0.94572770175664589     
         100         104  0.92873789034921705     
         100         105  0.94590404748056289     
         106         107   1.0884165652308770     
         107         108   2.8079285656142670     
         106         109  0.94436736554932066     
         106         110  0.94394612869665051     
         106         111  0.94456604124068488     
         112         113   1.0908535478999901     
         113         114   2.8052680670456782     
         112         115  0.93400464158613050     
         112         116  0.94334756621273064     
         112         117  0.94501594133419764     
         118         119   1.0850242765070950     
         119         120   2.8227439552484146     
         118         121  0.94563624291086201     
         118         122  0.94543274208441164     
         118         123  0.94533999600969509     
         124         125   1.0853841222216112     
         125         126   2.8168130371143847     
         124         127  0.94549940603731941     
         124         128  0.94493285601606603     
         124         129  0.94562249529959397     
         130         131   1.0922428305009320     
         131         132   2.8046713719343344     
         130         133  0.94440249362111039     
         130         134  0.94601932168131608     
         130         135  0.92506601936344435     
         136         137   1.0955742620186537     
         137         138   2.8021315156864706     
         136         139  0.93107304428240711     
         136         140  0.93240060158654803     
         136         141  0.94428136846218846     
