   -0.09627748
    0.06335635
   -0.11821552
    0.06598875
   -0.08985327
   -0.09350621
    0.05202388
   -0.10409153
    0.04743340
   -0.09918510
    0.05685630
   -0.10264592
    0.05301839
   -0.09620927
    0.03983411
   -0.09932342
    0.04878528
   -0.09003082
    0.03531862
    0.64476529
   -0.04850190
    0.09076556
    0.08892041
    0.11373354
   -0.04636626
    0.10528633
    0.08895294
   -0.10427300
    0.10643219
    0.10985788
    0.11678659
   -0.09940995
    0.10519851
    0.10599878
    0.09393340
    1.18889492
   -0.35781883
   -0.36876182
   -0.37575212
   -0.37030690
   -0.36670608
   -0.34480776
   -0.00070118
   -0.03829612
   -0.04150179
   -0.02803887
    0.04142552
   -0.02893797
    0.06081241
   -0.02735830
    0.04239665
    0.04983606
    0.04631505
   -0.12518849
    0.12533167
   -0.28728359
    0.09226999
    0.09895063
    0.09591996
   -0.13624915
    0.12312866
   -0.29313160
    0.08676450
    0.09841243
    0.09894451
   -0.12290868
    0.12383771
   -0.28091300
    0.09351114
    0.09450581
    0.09196877
   -0.12529942
    0.12458754
   -0.28090035
    0.09529730
    0.09291009
    0.09199201
   -0.12276117
    0.12292555
   -0.28034518
    0.09315657
    0.09454094
    0.09248169
   -0.12288275
    0.12432919
   -0.28533730
    0.09190340
    0.09596882
    0.09601846
   -0.12412512
    0.12358539
   -0.28319584
    0.09467268
    0.09031227
    0.09775745
   -0.12553417
    0.12386057
   -0.28844852
    0.09602306
    0.09385160
    0.10025006
   -0.12342605
    0.12333394
   -0.28738468
    0.09427729
    0.09789633
    0.09530300
   -0.12514053
    0.12347617
   -0.28967426
    0.09773709
    0.09812606
    0.09552892
   -0.12500255
    0.12506160
   -0.28822829
    0.09886061
    0.09141753
    0.09789121
   -0.12314324
    0.12455797
   -0.27913882
    0.09424398
    0.08820563
    0.09437307
   -0.12688739
    0.12386674
   -0.28919931
    0.09939896
    0.09330854
    0.09944920
   -0.12356385
    0.12304052
   -0.28603402
    0.09307113
    0.09490636
    0.09857962
   -0.12263838
    0.12571721
   -0.27777984
    0.08795093
    0.09311224
    0.09303324
   -0.12298815
    0.12323710
   -0.27775144
    0.09346929
    0.09204387
    0.09198990
   -0.12596707
    0.12386631
   -0.28764236
    0.09760180
    0.09791461
    0.09422698
   -0.12385288
    0.12374238
   -0.28127804
    0.09344645
    0.09061919
    0.09732195
   -0.12452350
    0.12489034
   -0.28389639
    0.10015506
    0.09037596
    0.09299866
   -0.12370600
    0.12428746
   -0.28133029
    0.09347042
    0.09408790
    0.09319081
