           1           2  0.96310833263889473     
           1           3   1.3078598060154740     
           3           4  0.95971408055529639     
           3           5   1.2548770714652895     
           1           6   1.3076466556080115     
           6           7  0.96166152861381082     
           5           8   1.2671854996945406     
           6           8   1.3170100989717808     
           8           9  0.96038161668053734     
          10          11  0.96136966337282193     
          10          12   1.2998021935909430     
          12          13  0.96341231480094902     
          12          14   1.2971524402402961     
          14          15  0.96518052721640890     
          10          16   1.2996689757076723     
          16          17  0.96029856118103096     
          14          18   1.3165423219056329     
          16          18   1.3057972219247451     
          18          19  0.96227666111082011     
           1          20  0.29577798683588852     
           3          20  0.31572527355951169     
           5          20  0.29639755381979815     
           6          20  0.28863587766391918     
           8          20  0.29723807925866241     
          10          20  0.31370335705662306     
          12          20  0.31354880589164330     
          14          20  0.30243588484749179     
          16          20  0.31011682321631756     
          18          20  0.29116236818630464     
           5          21   1.0166405903831983     
          21          22  0.96598948277069574     
          21          23  0.96210840891128213     
          21          24  0.91233351709359511     
          24          25  0.91934705462310329     
          25          26  0.95731893457047568     
          25          27  0.96318972918309342     
          24          28  0.95051935725036374     
          28          29  0.97021532674650923     
          28          30  0.97230434136965305     
          28          31  0.96826811444767347     
          24          32  0.95950114205355219     
          32          33  0.97279775258783063     
          32          34  0.97037172167116115     
          32          35  0.97482046648125020     
          36          37  0.89558040017367191     
          36          38  0.87897313312814518     
          36          39  0.87349988140295742     
          36          40  0.88227941423083078     
          36          41  0.88682368412350232     
          36          42  0.90658532398041947     
          25          43   1.0064158091321314     
          43          44   1.4086133458949202     
          43          45   1.4131380834219736     
          44          46   1.4463930886632292     
          45          46  0.11040787910312697     
          44          47  0.96803721265717535     
          44          48  0.11150308348531832     
          45          48   1.4419993914195746     
          45          49  0.96547584238813244     
          43          50  0.10911798494487726     
          46          50   1.4373356576572904     
          48          50   1.4402900245815171     
          46          51  0.97026784962318080     
          48          52  0.96963346195779976     
          50          53  0.97025643229933889     
          54          55   1.0849362867177026     
          55          56   2.8229411351470266     
          54          57  0.94589137272337875     
          54          58  0.94482535217528341     
          54          59  0.94566653736452477     
          60          61   1.0869527141397797     
          61          62   2.8179342176138218     
          60          63  0.94634402058760347     
          60          64  0.94601698541859336     
          60          65  0.93587714436962832     
          66          67   1.0830456716478631     
          67          68   2.8259084006933497     
          66          69  0.94672914967180233     
          66          70  0.94630992860357876     
          66          71  0.94678292566530720     
          72          73   1.0853287152392987     
          73          74   2.8228729388480622     
          72          75  0.94584200768566551     
          72          76  0.94317403904334751     
          72          77  0.94654705731440092     
          78          79   1.0815194623285265     
          79          80   2.8283766776429720     
          78          81  0.94701613616795455     
          78          82  0.94684269193108850     
          78          83  0.94728114679789255     
          84          85   1.0832758704451471     
          85          86   2.8249330523357696     
          84          87  0.94676049946791785     
          84          88  0.94608801594609482     
          84          89  0.94555239803327140     
          90          91   1.0843040150289842     
          91          92   2.8239659016024889     
          90          93  0.94627733438402539     
          90          94  0.94394346045892230     
          90          95  0.94549622581531489     
          96          97   1.0833119969468690     
          97          98   2.8249030418653436     
          96          99  0.94570969160142848     
          96         100  0.94684579742414343     
          96         101  0.94520071554929208     
         102         103   1.0830874082696251     
         103         104   2.8250497649395658     
         102         105  0.94605333422785487     
         102         106  0.94567391538829593     
         102         107  0.94609986659923095     
         108         109   1.0829823859791565     
         109         110   2.8246712448070257     
         108         111  0.94559398042686316     
         108         112  0.94549478793079511     
         108         113  0.94628358201236651     
         114         115   1.0841935071632882     
         115         116   2.8234038389940666     
         114         117  0.94492720523700624     
         114         118  0.94627641841741683     
         114         119  0.94550860652255442     
         120         121   1.0853943564802584     
         121         122   2.8232739844699806     
         120         123  0.94594411551233470     
         120         124  0.94410347765356828     
         120         125  0.94609458731432372     
         126         127   1.0852543001371624     
         127         128   2.8222217580661786     
         126         129  0.94498752122937169     
         126         130  0.94543551230004830     
         126         131  0.94439945291476768     
         132         133   1.0817754342267201     
         133         134   2.8268158353554367     
         132         135  0.94685291619586565     
         132         136  0.94644348560443858     
         132         137  0.94593008975446446     
         138         139   1.0853256882611884     
         139         140   2.8233362338235923     
         138         141  0.94402618240825131     
         138         142  0.94618396353627443     
         138         143  0.94634819763167932     
         144         145   1.0834854502268600     
         145         146   2.8262068685052797     
         144         147  0.94602821244120427     
         144         148  0.94687256702958944     
         144         149  0.94673456568194392     
         150         151   1.0839485158409063     
         151         152   2.8239911143991518     
         150         153  0.94570623760339334     
         150         154  0.94507650761205864     
         150         155  0.94592981021675071     
         156         157   1.0836324532757717     
         157         158   2.8257099469084843     
         156         159  0.94619645065107516     
         156         160  0.94716696117864840     
         156         161  0.94518911708439390     
         162         163   1.0846400092828763     
         163         164   2.8234810267593011     
         162         165  0.94440249838477319     
         162         166  0.94692971298887629     
         162         167  0.94581585479283503     
         168         169   1.0838977940146737     
         169         170   2.8247358287686630     
         168         171  0.94603990013349892     
         168         172  0.94645420168253114     
         168         173  0.94631756434178838     
