   -0.11223704
    0.35153206
   -0.48944174
   -0.43437984
    0.14091269
   -0.12820879
    0.27446364
   -0.60682199
   -0.47651975
    0.25267731
   -0.59926710
   -0.48255803
   -0.76641863
    0.06773969
    0.06072654
    0.42096433
    0.02613764
    0.04166058
    0.39349851
    0.39737976
    0.67005746
    0.79029561
   -0.72080585
    0.36062497
    0.36262059
   -0.72186642
    0.36266189
    0.36200496
   -0.69485873
    0.37436239
    0.37456347
   -0.72092323
    0.36186794
    0.35961173
   -0.72228950
    0.36543926
    0.36026977
   -0.69868712
    0.37574067
    0.37459861
   -0.72036579
    0.36067868
    0.35969363
   -0.71922214
    0.36042408
    0.36178407
   -0.68730208
    0.32750598
    0.37112758
   -0.69026051
    0.40006957
    0.36353905
   -0.72061609
    0.36031241
    0.36167071
   -0.71984259
    0.35946694
    0.36036925
   -0.71970493
    0.35953069
    0.36201285
   -0.68658187
    0.31710936
    0.36954536
   -0.72109884
    0.35996644
    0.36114252
   -0.71932950
    0.36043863
    0.35900038
   -0.72021052
    0.36048194
    0.35973059
   -0.71668677
    0.36012499
    0.35828410
   -0.71896834
    0.35869424
    0.36032264
   -0.72077291
    0.36003039
    0.36077750
