           1           2   1.9696022855975595     
           1           3   1.2949019666199988     
           2           3  0.16865219887194080     
           4           5  0.96862186997587418     
           5           6  0.99512030708544852     
           6           7   1.7076724497928573     
           6           8   1.1795255399454498     
           7           8  0.18157729131704231     
           4           9  0.96112909708323280     
           9          10   1.7180984427453687     
           9          11   1.1768890453072345     
          10          11  0.18541526454946006     
           4          12   1.6469873689317107     
           1          13  0.13553492310521911     
           3          15  0.69899036639260226     
           5          16  0.90913608133967105     
           5          17  0.96204607375776940     
           8          18  0.76703855859986814     
          11          19  0.75457841606853782     
           1          20  0.33170497920832920     
           2          20  0.14667187884165803     
