   -0.09613427
    0.02099462
   -0.10649472
    0.04297073
   -0.05545728
   -0.09562047
    0.04973177
   -0.09388608
    0.05117568
   -0.09860284
    0.01954785
   -0.10672011
    0.04201545
   -0.09231598
    0.04528204
   -0.09835565
    0.03764139
   -0.08536290
    0.05165139
    0.66335121
   -0.06417573
    0.09775714
    0.11035421
    0.14252700
   -0.05805855
    0.10276649
    0.10141409
   -0.11001596
    0.08159351
    0.10913182
    0.11601220
   -0.10301787
    0.08353344
    0.09444583
    0.10733456
    1.24611683
   -0.37981885
   -0.37731462
   -0.36340771
   -0.35813031
   -0.36740271
   -0.36335415
    0.00267440
   -0.03627926
   -0.03842400
   -0.02295031
    0.05133933
   -0.02403400
    0.03791033
   -0.02365391
    0.04751813
    0.03040252
    0.04047638
   -0.12759020
    0.13246553
   -0.29631961
    0.08730894
    0.11632487
    0.08654635
   -0.14100367
    0.13653093
   -0.29547454
    0.08054629
    0.09220535
    0.11173306
   -0.12809680
    0.13405940
   -0.29287180
    0.11845144
    0.09863661
    0.07342085
   -0.13030497
    0.13331459
   -0.29814096
    0.07306172
    0.11043013
    0.11276018
   -0.11044079
    0.12055798
   -0.24807541
    0.08034861
    0.08022786
    0.08069234
   -0.12602751
    0.12784938
   -0.28095263
    0.09104905
    0.07219927
    0.11506699
   -0.11963154
    0.13685866
   -0.28232660
    0.06955817
    0.09323415
    0.10834148
   -0.12501875
    0.12447887
   -0.27986763
    0.09888930
    0.06904797
    0.10087052
   -0.13355304
    0.12297648
   -0.28726696
    0.06391513
    0.11096987
    0.10457111
   -0.11781781
    0.12844604
   -0.26903810
    0.06847516
    0.10364924
    0.08785210
   -0.12793806
    0.13490863
   -0.29551494
    0.09205045
    0.09854534
    0.10305375
   -0.12513138
    0.14423137
   -0.30464775
    0.10154858
    0.11655943
    0.08182179
   -0.13765606
    0.13220807
   -0.29703769
    0.09434891
    0.07349891
    0.12920299
   -0.11555878
    0.12932614
   -0.27635282
    0.07965223
    0.08282370
    0.10338490
   -0.12807778
    0.14001313
   -0.30301784
    0.10751213
    0.11290625
    0.07903051
   -0.12410737
    0.13357831
   -0.28565551
    0.08773255
    0.07619343
    0.11482925
   -0.13236125
    0.12996531
   -0.29566369
    0.09707888
    0.11864075
    0.07785526
   -0.12453767
    0.13048782
   -0.27601923
    0.07625180
    0.07503178
    0.12269364
   -0.13008145
    0.13339669
   -0.30121395
    0.11770674
    0.09113329
    0.08654261
   -0.12966418
    0.12743735
   -0.28398380
    0.09709904
    0.07281647
    0.11433824
