           1           2  0.96924712408417701     
           1           3   1.3001159614348499     
           3           4  0.96277051797086366     
           3           5   1.2727917567539557     
           1           6   1.3066775770167935     
           6           7  0.96315852572667326     
           5           8   1.2843615632498389     
           6           8   1.3179425355456087     
           8           9  0.95691998882691298     
          10          11  0.96477397578226010     
          10          12   1.2917608904094533     
          12          13  0.95888913251768804     
          12          14   1.3032301977638121     
          14          15  0.96417504201153581     
          10          16   1.3001821731615790     
          16          17  0.96150562646605076     
          14          18   1.3337629656319898     
          16          18   1.3085938769857683     
          18          19  0.96196041730695225     
           1          20  0.28967316906143031     
           3          20  0.30270099470837353     
           5          20  0.27324652151420048     
           6          20  0.28231324419093956     
           8          20  0.27983941035629217     
          10          20  0.30568683467156316     
          12          20  0.30902026174789937     
          14          20  0.27611792975476607     
          16          20  0.29850359034906598     
          18          20  0.26746264438929501     
           5          21   1.0185133958957937     
          21          22  0.95602941533871522     
          21          23  0.95235741012132913     
          21          24  0.91263703461048151     
          24          25  0.92193213466369861     
          25          26  0.95123717500664839     
          25          27  0.95881847631346251     
          24          28  0.95790950331360658     
          28          29  0.97203460907272754     
          28          30  0.96326093696549975     
          28          31  0.95990653196674569     
          24          32  0.96391313184810434     
          32          33  0.97338979295271222     
          32          34  0.96661250612688787     
          32          35  0.96832913497119111     
          36          37  0.86296336482485581     
          36          38  0.86570829547638573     
          36          39  0.88839374608360366     
          36          40  0.89919585329594343     
          36          41  0.88246288108728821     
          36          42  0.85522638189575473     
          25          43   1.0070183504601959     
          43          44   1.4060083621507677     
          43          45   1.4139774128890858     
          44          46   1.4477868028356353     
          45          46  0.11051856511973107     
          44          47  0.96487426329710535     
          44          48  0.11095941081706720     
          45          48   1.4405134861494582     
          45          49  0.96474925663049182     
          43          50  0.10899988842053743     
          46          50   1.4342774877987046     
          48          50   1.4405025315513362     
          46          51  0.96813744821327308     
          48          52  0.96934314024329926     
          50          53  0.96913686574765234     
          54          55   1.0968453320975213     
          55          56   2.7925430934267639     
          54          57  0.94361817410781423     
          54          58  0.92283494948414435     
          54          59  0.94081421467901849     
          60          61   1.0981326297454777     
          61          62   2.7872753459832520     
          60          63  0.94598893589307198     
          60          64  0.93977368532084982     
          60          65  0.91813577227584309     
          66          67   1.0957562125859139     
          67          68   2.7903058924819542     
          66          69  0.91840428198249313     
          66          70  0.93529187758828392     
          66          71  0.94869706939540210     
          72          73   1.1011852658214816     
          73          74   2.7885066001967931     
          72          75  0.94734349898270542     
          72          76  0.92514708193494466     
          72          77  0.92178993871434001     
          78          79   1.0759262793935767     
          79          80   2.8350602090935708     
          78          81  0.95123755462530979     
          78          82  0.95125962052118229     
          78          83  0.95099478208221444     
          84          85   1.0880852163802230     
          85          86   2.8135440098666487     
          84          87  0.94058622352617038     
          84          88  0.95047847609992664     
          84          89  0.92645976608545644     
          90          91   1.0885720120461195     
          91          92   2.8047823588915337     
          90          93  0.95185472899161827     
          90          94  0.94235652594697006     
          90          95  0.93265368792333803     
          96          97   1.0868999647955448     
          97          98   2.8175382378730620     
          96          99  0.93448236564336584     
          96         100  0.95078459172374319     
          96         101  0.92771663422866402     
         102         103   1.0892733411069095     
         103         104   2.8138080815303650     
         102         105  0.95133988072682585     
         102         106  0.92668458026251088     
         102         107  0.93048498308863348     
         108         109   1.0814782594217023     
         109         110   2.8229520775264936     
         108         111  0.95312892172825914     
         108         112  0.94125879341991436     
         108         113  0.94439904754005877     
         114         115   1.0975538791838755     
         115         116   2.7935409595924283     
         114         117  0.93660785807733216     
         114         118  0.93826821546680594     
         114         119  0.92829094373908294     
         120         121   1.1043423505677410     
         121         122   2.7727805519372803     
         120         123  0.93114985445351006     
         120         124  0.92629607463925023     
         120         125  0.94427861546642078     
         126         127   1.1001275306283753     
         127         128   2.7839555724256795     
         126         129  0.93596116115008388     
         126         130  0.94715474530686838     
         126         131  0.91439899986309703     
         132         133   1.0855033608037810     
         133         134   2.8129305816119650     
         132         135  0.94914685059116199     
         132         136  0.94818210671377856     
         132         137  0.93474830346063331     
         138         139   1.1039714943329824     
         139         140   2.7819655031861692     
         138         141  0.92323656683367994     
         138         142  0.93038935435079251     
         138         143  0.94521443088685031     
         144         145   1.0917476000880260     
         145         146   2.8009315892182971     
         144         147  0.94403141876471686     
         144         148  0.94870700938240948     
         144         149  0.92276513893452727     
         150         151   1.0955234401882008     
         151         152   2.7987052716406464     
         150         153  0.93532673968034841     
         150         154  0.91834644825858391     
         150         155  0.94735616459162453     
         156         157   1.0904218190249757     
         157         158   2.8086540356889782     
         156         159  0.94808652799585036     
         156         160  0.94899675475631595     
         156         161  0.92108981088878850     
         162         163   1.0948768251213610     
         163         164   2.7917493844083983     
         162         165  0.92060840148038248     
         162         166  0.94186170260644098     
         162         167  0.94444900201189985     
         168         169   1.0923413004713922     
         169         170   2.7992761312189134     
         168         171  0.93397072935848935     
         168         172  0.95058431436093993     
         168         173  0.92302796910770002     
