   -0.09522195
    0.06587209
   -0.11660395
    0.06553900
   -0.09254748
   -0.09612220
    0.05229878
   -0.11086373
    0.05102984
   -0.09765559
    0.05682217
   -0.10050461
    0.05250888
   -0.09779108
    0.04241755
   -0.09917596
    0.04424047
   -0.09375337
    0.03621966
    0.64965348
   -0.04965320
    0.09378029
    0.08956223
    0.11364985
   -0.04612719
    0.10485650
    0.08868636
   -0.10441405
    0.10641790
    0.11110345
    0.11671486
   -0.10023643
    0.10803299
    0.10585839
    0.09364441
    1.17870539
   -0.36641904
   -0.35273285
   -0.35024642
   -0.36587711
   -0.37036025
   -0.36980507
   -0.00133961
   -0.03976209
   -0.04175441
   -0.02855238
    0.04235692
   -0.02832516
    0.06150263
   -0.02631956
    0.04259369
    0.04883187
    0.04391069
   -0.12407338
    0.12432242
   -0.28166901
    0.09143590
    0.09199038
    0.09799384
   -0.12360953
    0.12561940
   -0.28387086
    0.09549724
    0.09046213
    0.09589878
   -0.12352975
    0.12434457
   -0.27775746
    0.09349850
    0.09394595
    0.08856892
   -0.12711329
    0.12325953
   -0.28980898
    0.09364602
    0.09935685
    0.10065984
   -0.12452935
    0.12427347
   -0.28228376
    0.09141406
    0.09885014
    0.09227426
   -0.12481798
    0.12338341
   -0.28740631
    0.09822628
    0.09482347
    0.09579132
   -0.12594756
    0.12455317
   -0.28667242
    0.08910142
    0.09817922
    0.10078013
   -0.12349260
    0.12323129
   -0.28095572
    0.09634080
    0.09423666
    0.08984269
   -0.12370421
    0.12406134
   -0.28520671
    0.09291232
    0.09386827
    0.09806885
   -0.12303546
    0.12357480
   -0.27922832
    0.09406621
    0.09283445
    0.09178300
   -0.12366744
    0.12481520
   -0.28142003
    0.09363984
    0.09701204
    0.08870798
   -0.12310562
    0.12524390
   -0.28247078
    0.09589172
    0.09389819
    0.09054356
   -0.12456243
    0.12340715
   -0.28348023
    0.09278138
    0.09328255
    0.09858876
   -0.12228633
    0.12437937
   -0.28192822
    0.09140008
    0.09163299
    0.09680220
   -0.12551825
    0.12458335
   -0.28540933
    0.09863107
    0.09866238
    0.08904612
   -0.13229966
    0.12339316
   -0.28707100
    0.08792852
    0.08836135
    0.09767294
   -0.12880002
    0.12458026
   -0.29922640
    0.09140801
    0.11685338
    0.08777425
   -0.12298937
    0.12300286
   -0.27901028
    0.09483338
    0.09153570
    0.09261488
   -0.12488248
    0.12361266
   -0.28605686
    0.09642529
    0.09235777
    0.09854348
   -0.12739729
    0.12837486
   -0.29122979
    0.10368937
    0.09915591
    0.09483976
