           1           2  0.96263177870786476     
           1           3   1.3110308361961847     
           3           4  0.96002162658205670     
           3           5   1.2549214474735721     
           1           6   1.3071532267515620     
           6           7  0.96161984636614273     
           5           8   1.2637030663595108     
           6           8   1.3119002607182864     
           8           9  0.96028611587516055     
          10          11  0.96151414333456087     
          10          12   1.3024660442683804     
          12          13  0.96377592321897410     
          12          14   1.2993977527495562     
          14          15  0.96496079562098336     
          10          16   1.3000085149728644     
          16          17  0.96028511077514067     
          14          18   1.3137718608702660     
          16          18   1.3017899977844707     
          18          19  0.96304850193757907     
           1          20  0.29350180467272668     
           3          20  0.31297689208786966     
           5          20  0.29866746233913838     
           6          20  0.29005221743285003     
           8          20  0.30347213089029873     
          10          20  0.31156353716963398     
          12          20  0.30980907968119531     
          14          20  0.30221789310573793     
          16          20  0.31075865546721659     
          18          20  0.29800852754683743     
           5          21   1.0166168216945453     
          21          22  0.96547635308146740     
          21          23  0.96245642625810679     
          21          24  0.91215392534002615     
          24          25  0.92054282168783996     
          25          26  0.95680522602461149     
          25          27  0.96296138661940978     
          24          28  0.95002055779226569     
          28          29  0.97066550306278487     
          28          30  0.97216233216730585     
          28          31  0.96817558370306056     
          24          32  0.95902736988406156     
          32          33  0.97210113907057305     
          32          34  0.97021792913318372     
          32          35  0.97470250921376711     
          36          37  0.88587125026899705     
          36          38  0.89672622906909094     
          36          39  0.90383183111160792     
          36          40  0.88374095239369654     
          36          41  0.88250776962603095     
          36          42  0.88302412075699055     
          25          43   1.0067040387869890     
          43          44   1.4086947282531999     
          43          45   1.4129650637164619     
          44          46   1.4464103899610981     
          45          46  0.11041413461191144     
          44          47  0.96796768682366008     
          44          48  0.11120633452489807     
          45          48   1.4421515937794980     
          45          49  0.96569899921667823     
          43          50  0.10926162491417427     
          46          50   1.4370530668319867     
          48          50   1.4403697967473796     
          46          51  0.97031193062032395     
          48          52  0.96975828532244501     
          50          53  0.97049074041693117     
          54          55   1.0838713569699803     
          55          56   2.8247503306287531     
          54          57  0.94703457635220700     
          54          58  0.94634952576254572     
          54          59  0.94514026405105467     
          60          61   1.0850889922674263     
          61          62   2.8228130726115626     
          60          63  0.94565602718219710     
          60          64  0.94676655349240568     
          60          65  0.94503543444119120     
          66          67   1.0854959395025934     
          67          68   2.8230256776278160     
          66          69  0.94614117694323974     
          66          70  0.94605864640406589     
          66          71  0.94430095104596834     
          72          73   1.0835366897105219     
          73          74   2.8240427659709213     
          72          75  0.94607083011112503     
          72          76  0.94532815479349763     
          72          77  0.94487892188557832     
          78          79   1.0835610150669217     
          79          80   2.8257741850609692     
          78          81  0.94675263570681034     
          78          82  0.94495534331149988     
          78          83  0.94659525349507834     
          84          85   1.0836946809641537     
          85          86   2.8241686258109193     
          84          87  0.94558097213260117     
          84          88  0.94586426615069552     
          84          89  0.94561333828391247     
          90          91   1.0844040423497132     
          91          92   2.8237142639611501     
          90          93  0.94683897633960301     
          90          94  0.94510830251968514     
          90          95  0.94456271076831300     
          96          97   1.0822980183574387     
          97          98   2.8267050193448275     
          96          99  0.94680470800302952     
          96         100  0.94700076940320344     
          96         101  0.94431562508894695     
         102         103   1.0833529896078051     
         103         104   2.8252030926507663     
         102         105  0.94635826580999727     
         102         106  0.94647492369288677     
         102         107  0.94530974739690865     
         108         109   1.0820385255377933     
         109         110   2.8278113973136154     
         108         111  0.94670172442012879     
         108         112  0.94697753420152042     
         108         113  0.94723072514018314     
         114         115   1.0848804170340947     
         115         116   2.8232168093960750     
         114         117  0.94614577180067172     
         114         118  0.94575327869103276     
         114         119  0.94457369332313601     
         120         121   1.0849231543802755     
         121         122   2.8231820646431660     
         120         123  0.94575151204317998     
         120         124  0.94558062441110957     
         120         125  0.94662559636057142     
         126         127   1.0824968870538356     
         127         128   2.8266388692176423     
         126         129  0.94672044958475954     
         126         130  0.94689620345897307     
         126         131  0.94556861369603484     
         132         133   1.0826129576020367     
         133         134   2.8267555711883743     
         132         135  0.94682056999833819     
         132         136  0.94708714719190046     
         132         137  0.94576452920907217     
         138         139   1.0847213058394578     
         139         140   2.8236963628565914     
         138         141  0.94476594283952176     
         138         142  0.94477453831994962     
         138         143  0.94686423157171229     
         144         145   1.0876756168960895     
         145         146   2.8185750071090112     
         144         147  0.94344929436116964     
         144         148  0.94632056518372709     
         144         149  0.93729964284091771     
         150         151   1.0889081363878095     
         151         152   2.8147797809892583     
         150         153  0.94562090641040497     
         150         154  0.92910604414538922     
         150         155  0.94642469454931832     
         156         157   1.0828493190452315     
         157         158   2.8266756668635318     
         156         159  0.94625244651813867     
         156         160  0.94672396123269986     
         156         161  0.94701350548304764     
         162         163   1.0833237261804800     
         163         164   2.8249894491985330     
         162         165  0.94575476131665426     
         162         166  0.94674286830923859     
         162         167  0.94529724015374073     
         168         169   1.0883863349874578     
         169         170   2.8144284767178127     
         168         171  0.94305381984264125     
         168         172  0.94379386344671634     
         168         173  0.94454664751417883     
