   -0.11545856
    0.01322549
   -0.13175119
    0.02971986
   -0.05296202
   -0.08107274
    0.01960586
   -0.08649331
    0.01673983
   -0.09426765
    0.04821922
   -0.09535678
    0.03114786
   -0.08912855
    0.04210408
   -0.09824240
    0.03543485
   -0.08798461
    0.03853601
    0.68100740
   -0.05853091
    0.10512899
    0.08272645
    0.14733349
   -0.10807414
    0.09272949
    0.10318456
    0.09787737
   -0.10469405
    0.08331866
    0.11249227
    0.10218844
   -0.10699980
    0.09533033
    0.09097632
    0.10179859
    1.32061247
   -0.36594223
   -0.36061441
   -0.37350137
   -0.36345427
   -0.35888405
   -0.35147486
   -0.12643526
    0.12550708
   -0.27114372
    0.08868609
    0.07747366
    0.09705853
   -0.12751850
    0.12931299
   -0.28983156
    0.07662610
    0.10390318
    0.10605359
   -0.12631533
    0.13540654
   -0.29597124
    0.10307778
    0.10619776
    0.08077753
   -0.12311846
    0.13517261
   -0.28676661
    0.08507071
    0.10895649
    0.09107163
   -0.13018425
    0.12777533
   -0.28435166
    0.09996320
    0.10245319
    0.07744580
   -0.12782009
    0.12806289
   -0.28307647
    0.10373300
    0.07412308
    0.10209210
   -0.14342237
    0.12707575
   -0.29180959
    0.11440307
    0.07999119
    0.09773416
   -0.13226337
    0.12357640
   -0.27849757
    0.09926162
    0.07285366
    0.10783011
   -0.13125371
    0.14113974
   -0.31136237
    0.12882355
    0.09921674
    0.07808683
   -0.12979763
    0.13048952
   -0.29812458
    0.09422120
    0.07658620
    0.12026279
   -0.13435467
    0.14335308
   -0.32468321
    0.11847415
    0.11383581
    0.09028332
   -0.12137288
    0.12863639
   -0.27328558
    0.08044605
    0.11046186
    0.07856108
   -0.12733437
    0.13387372
   -0.29396816
    0.11929977
    0.07438890
    0.09372091
   -0.12917977
    0.12008848
   -0.27682472
    0.08298600
    0.11815228
    0.07298955
   -0.13173008
    0.13978270
   -0.30615684
    0.11005970
    0.08113634
    0.11938146
   -0.12144765
    0.14033999
   -0.28924202
    0.08989064
    0.08497083
    0.10665662
   -0.13313077
    0.13494004
   -0.29696102
    0.11086068
    0.11131000
    0.07919356
   -0.12340246
    0.13448883
   -0.28998205
    0.11072294
    0.09452007
    0.07659928
   -0.12878724
    0.12692093
   -0.28250475
    0.11527790
    0.07776188
    0.08749144
   -0.12457027
    0.12828035
   -0.28003702
    0.11739238
    0.07972573
    0.07666083
