           1           2  0.96488317809842239     
           1           3   1.2828572155164644     
           3           4  0.95670153995021434     
           3           5   1.2942666415741240     
           1           6   1.3122194650760535     
           6           7  0.96688424856841482     
           5           8   1.3344564406007697     
           6           8   1.4262994794925690     
           8           9  0.96723001073083470     
          10          11  0.95684118957428432     
          10          12   1.2838065995760528     
          12          13  0.96421752190843613     
          12          14   1.3180299242175602     
          14          15  0.96483714406827403     
          10          16   1.3050009896192529     
          16          17  0.96104121387246033     
          14          18   1.3149327888428786     
          16          18   1.3064994217111416     
          18          19  0.96405397718551411     
           1          20  0.26256532142070538     
           3          20  0.25486044438340394     
           5          20  0.17506031991388532     
           6          20  0.14644824136359264     
           8          20  0.10033597356712805     
          10          20  0.33489101917856745     
          12          20  0.32111350787751619     
          14          20  0.28688964426733787     
          16          20  0.30978436727447323     
          18          20  0.30553809183281128     
           5          21   1.0191479495907596     
          21          22  0.95385884181007929     
          21          23  0.96349217788579278     
          21          24  0.89646249333294137     
          24          25  0.96064190829199436     
          25          26  0.97115870983832076     
          25          27  0.96520295655957133     
          25          28  0.96453478184202479     
          24          29  0.96070151626480993     
          29          30  0.97598110927533732     
          29          31  0.96607049608513251     
          29          32  0.97008861506336630     
          24          33  0.96229664504216283     
          33          34  0.96982859309496428     
          33          35  0.97003947734376073     
          33          36  0.96544074916683920     
          37          38  0.87987357026338919     
          37          39  0.81740760196385120     
          37          40  0.87843663999526533     
          37          41  0.88986830506544945     
          37          42  0.89938139490727176     
          20          43  0.13139858659054426     
          37          43  0.79927625871584473     
          44          45   1.0842126050686594     
          45          46   2.8180547293419145     
          44          47  0.93517847274577215     
          44          48  0.94533814343494027     
          44          49  0.94027010123240728     
          50          51   1.0945919217006752     
          51          52   2.7976563037652573     
          50          53  0.94835631725838343     
          50          54  0.92854372474560831     
          50          55  0.92901276501988550     
          56          57   1.0983144432715790     
          57          58   2.7894893185528544     
          56          59  0.93243551925812229     
          56          60  0.92497470448130570     
          56          61  0.94659404826432003     
          62          63   1.0917537050958599     
          63          64   2.8017730527360785     
          62          65  0.94718329088508291     
          62          66  0.93454298544296532     
          62          67  0.94397122157706792     
          68          69   1.0898936579463381     
          69          70   2.8043447307324003     
          68          71  0.93616717575105013     
          68          72  0.92705242174020908     
          68          73  0.94752764422448121     
          74          75   1.0879745991814080     
          75          76   2.8091008532932946     
          74          77  0.93494068849014966     
          74          78  0.95014074709237728     
          74          79  0.93192167063281406     
          80          81   1.1000539938252929     
          81          82   2.7890875683423899     
          80          83  0.92332144071155731     
          80          84  0.94754975283824350     
          80          85  0.91764308326874833     
          86          87   1.0875961069939470     
          87          88   2.8143613224067598     
          86          89  0.93177644296438911     
          86          90  0.95024434446259676     
          86          91  0.92901158555563823     
          92          93   1.1062389792103355     
          93          94   2.7733637283686190     
          92          95  0.91062757364873070     
          92          96  0.93650902041189410     
          92          97  0.94531069157553060     
          98          99   1.0994104490083838     
          99         100   2.7932858654736199     
          98         101  0.93456746052276163     
          98         102  0.94673344916948332     
          98         103  0.91348735177192719     
         104         105   1.1105386102156876     
         105         106   2.7584165330275874     
         104         107  0.91509699891780172     
         104         108  0.92298404214837171     
         104         109  0.94131880298427861     
         110         111   1.0850466163466228     
         111         112   2.8186930754895974     
         110         113  0.94929457614035773     
         110         114  0.93707569786625766     
         110         115  0.94895105713913086     
         116         117   1.0952184115522579     
         117         118   2.7976208122768425     
         116         119  0.92379344697535581     
         116         120  0.94765557764729558     
         116         121  0.93744051735890599     
         122         123   1.0864635788145744     
         123         124   2.8199463698259630     
         122         125  0.94477614422943990     
         122         126  0.92277507008696968     
         122         127  0.95052268878884350     
         128         129   1.1065395924936692     
         129         130   2.7790298153280197     
         128         131  0.93161070299613513     
         128         132  0.94412720579827325     
         128         133  0.92293667664511736     
         134         135   1.0922877924115912     
         135         136   2.7935064780490837     
         134         137  0.94448023139617998     
         134         138  0.94522695906328147     
         134         139  0.93227427863431056     
         140         141   1.1005305120681588     
         141         142   2.7906466213285368     
         140         143  0.93321684749239642     
         140         144  0.92374551726246679     
         140         145  0.94501940897326597     
         146         147   1.0922173628394845     
         147         148   2.8013880095287780     
         146         149  0.92895436962122591     
         146         150  0.93992975995116990     
         146         151  0.94804814333382736     
         152         153   1.0915596231235607     
         153         154   2.8025081298898065     
         152         155  0.92524229107551836     
         152         156  0.94865542904231781     
         152         157  0.93869855170810901     
         158         159   1.0896287494427754     
         159         160   2.8124644674161434     
         158         161  0.92216321878818208     
         158         162  0.94497247364293824     
         158         163  0.94881072475023454     
