   -0.03546404
   -0.04200908
   -0.04151667
    0.03447008
    0.05828321
   -0.05876327
   -0.08681792
    0.05821803
   -0.05756261
   -0.03650234
   -0.04256643
   -0.04139744
    0.03394520
    0.04147914
    0.04122248
    0.04565012
    0.04175903
    0.04383744
    0.04150515
    0.03934322
    0.04331448
   -0.17964218
   -0.00243401
    0.05407743
    0.06840400
    0.08320234
    0.02700169
    0.02923188
   -0.31996310
    0.07932107
    0.03199122
    0.04213807
    0.07854523
    0.04522451
    0.03201159
   -0.32139549
    0.03264622
    0.03527196
    0.06772130
    0.03621914
   -0.12160394
    0.12574194
   -0.28635427
    0.09324692
    0.09371559
    0.09525357
   -0.12223385
    0.12576437
   -0.28694131
    0.09351750
    0.09427556
    0.09561790
   -0.12251220
    0.12485734
   -0.28583180
    0.09374457
    0.09629536
    0.09344707
   -0.12096783
    0.12477522
   -0.28292327
    0.09316123
    0.09219232
    0.09376159
   -0.12260208
    0.12428947
   -0.28514448
    0.09352547
    0.09347784
    0.09645411
   -0.12167570
    0.12464293
   -0.28523013
    0.09366237
    0.09417098
    0.09442972
   -0.12149082
    0.12493107
   -0.28446397
    0.09470076
    0.09445817
    0.09186476
   -0.12178335
    0.12500921
   -0.28540492
    0.09337542
    0.09470262
    0.09410023
   -0.12141206
    0.12333294
   -0.28376155
    0.09523790
    0.09305110
    0.09355161
   -0.12288999
    0.12468183
   -0.28576379
    0.09607394
    0.09452375
    0.09337447
   -0.12219679
    0.12608123
   -0.28821245
    0.09464796
    0.09447354
    0.09520676
   -0.12221234
    0.12494133
   -0.28602356
    0.09560700
    0.09542123
    0.09226656
   -0.12234893
    0.12470366
   -0.28501578
    0.09566212
    0.09336045
    0.09363849
   -0.12197274
    0.12537230
   -0.28567935
    0.09593201
    0.09414206
    0.09220581
   -0.12244665
    0.12481031
   -0.28598251
    0.09583142
    0.09437876
    0.09340876
   -0.12236543
    0.12424500
   -0.28563045
    0.09485716
    0.09258043
    0.09631355
   -0.12163087
    0.12458540
   -0.28458858
    0.09344329
    0.09104433
    0.09714604
   -0.12096215
    0.12497276
   -0.28593164
    0.09491254
    0.09406051
    0.09294776
   -0.12187011
    0.12468707
   -0.28437785
    0.09445857
    0.09349328
    0.09360857
   -0.12192086
    0.12622038
   -0.28723474
    0.09523524
    0.09383407
    0.09386602
