           1           2   1.4322028299501040     
           2           3   1.4270267203951121     
           3           4   1.4175081677553938     
           4           5   1.3307542958257261     
           1           6   1.4418433202395136     
           5           6   1.3656041182818084     
           5           7   1.0797043851667516     
           7           8   1.0805214925244633     
           8           9   1.3632453452916917     
           9          10   1.4429929241146315     
          10          11   1.4311919121990186     
          11          12   1.4271288014925512     
           8          13   1.3315426856502852     
          12          13   1.4174267145668100     
           1          14  0.97003870309592211     
           2          15  0.96950167053228942     
           3          16  0.96797188863516892     
           6          17  0.96378776830304635     
           9          18  0.96305701471069760     
          10          19  0.96995794032093463     
          11          20  0.96976656377489379     
          12          21  0.96826897252733690     
           4          22   1.0090712125319370     
          13          22   1.0084959721901881     
           7          23  0.99745423060965888     
          23          24  0.96085314582066061     
          23          25  0.96631004793603070     
          23          26  0.98960324660155463     
          26          27  0.96775302557797849     
          26          28  0.96326437327872561     
          26          29  0.98334097030711209     
          29          30  0.98296869533480136     
          30          31  0.96643133363461164     
          30          32  0.96485370285620120     
          30          33  0.99873903159218447     
          33          34  0.96483309441244081     
          33          35  0.96618010631577078     
          33          36  0.98702577700573002     
          36          37  0.99102915675143988     
          37          38  0.97717493782621956     
          37          39  0.97931332908868329     
          37          40  0.97721642377714890     
          41          42   1.0837221480571637     
          42          43   2.8240522606673299     
          41          44  0.94624770727099550     
          41          45  0.94630982164465505     
          41          46  0.94586525443234271     
          47          48   1.0840264294293496     
          48          49   2.8236261787219434     
          47          50  0.94592991511073643     
          47          51  0.94633748114629124     
          47          52  0.94567528465433259     
          53          54   1.0831848562304067     
          54          55   2.8251178088033058     
          53          56  0.94618162086937718     
          53          57  0.94561225346687949     
          53          58  0.94673978357000477     
          59          60   1.0831248757750900     
          60          61   2.8255137608785739     
          59          62  0.94659187353150620     
          59          63  0.94655193303728713     
          59          64  0.94635129767277082     
          65          66   1.0845814151019351     
          66          67   2.8236440312301490     
          65          68  0.94606409256016810     
          65          69  0.94581048290795844     
          65          70  0.94514095800557762     
          71          72   1.0835856536053634     
          72          73   2.8248876043865856     
          71          74  0.94596375327979076     
          71          75  0.94603075077733356     
          71          76  0.94617610114357287     
          77          78   1.0835910834507434     
          78          79   2.8249151325131923     
          77          80  0.94597871324197902     
          77          81  0.94594320698303358     
          77          82  0.94663973986281813     
          83          84   1.0847792479898426     
          84          85   2.8230655968801441     
          83          86  0.94594737675816465     
          83          87  0.94571017631848642     
          83          88  0.94552806808889056     
          89          90   1.0820403479893104     
          90          91   2.8271432578168993     
          89          92  0.94615692266183737     
          89          93  0.94704122577266359     
          89          94  0.94657198062475445     
          95          96   1.0840877413157834     
          96          97   2.8240506663361207     
          95          98  0.94528233146298934     
          95          99  0.94582877254457431     
          95         100  0.94640803217987624     
         101         102   1.0852990076066091     
         102         103   2.8219596094580384     
         101         104  0.94560999330638773     
         101         105  0.94560875052370164     
         101         106  0.94510932649433599     
         107         108   1.0836466627242853     
         108         109   2.8245775803118063     
         107         110  0.94559250877953849     
         107         111  0.94557536076707960     
         107         112  0.94690685120859630     
         113         114   1.0836463217314318     
         114         115   2.8244635980891646     
         113         116  0.94559070213275620     
         113         117  0.94627428332944752     
         113         118  0.94652565385041210     
         119         120   1.0830831963174934     
         120         121   2.8251106220515365     
         119         122  0.94578606791954345     
         119         123  0.94613691376918940     
         119         124  0.94712185508869084     
         125         126   1.0829691974943325     
         126         127   2.8254272973048753     
         125         128  0.94602258625595703     
         125         129  0.94617196232131040     
         125         130  0.94653208697285218     
         131         132   1.0832336211597502     
         132         133   2.8252171387400042     
         131         134  0.94596583082664742     
         131         135  0.94665786692672038     
         131         136  0.94577215824820404     
         137         138   1.0828539826501042     
         138         139   2.8256927945628840     
         137         140  0.94660261897752085     
         137         141  0.94675196344996937     
         137         142  0.94580251092056566     
         143         144   1.0829115477784781     
         144         145   2.8252732850368396     
         143         146  0.94598538414666544     
         143         147  0.94625281772094594     
         143         148  0.94686414711517075     
         149         150   1.0831543768345762     
         150         151   2.8250588480303698     
         149         152  0.94662517627806020     
         149         153  0.94633481022451882     
         149         154  0.94612029845145540     
         155         156   1.0840500951162857     
         156         157   2.8233957764037898     
         155         158  0.94563957787722330     
         155         159  0.94631575482077923     
         155         160  0.94610082500071147     
