   -0.03628879
   -0.04050740
   -0.03398043
    0.04175296
    0.05849291
   -0.06603585
   -0.09204711
    0.06216959
   -0.05836280
   -0.03764807
   -0.04258949
   -0.04387580
    0.03965838
    0.03037737
    0.02739175
    0.03825312
    0.05176877
    0.04487309
    0.04088939
    0.02532896
    0.05063025
   -0.15288767
   -0.00464167
    0.06548965
    0.06119310
    0.07989423
    0.02574490
    0.04418148
   -0.32769206
    0.08473150
    0.03116592
    0.03395203
    0.08210664
    0.04030179
    0.03871563
   -0.32856935
    0.03889475
    0.04274893
    0.05673017
    0.03966908
   -0.12026375
    0.13095321
   -0.29428732
    0.07554260
    0.10776146
    0.09811453
   -0.12439390
    0.13311499
   -0.29834726
    0.07863906
    0.10545997
    0.10703592
   -0.12468221
    0.13545403
   -0.29790033
    0.09024943
    0.09394483
    0.10703845
   -0.11482690
    0.13215118
   -0.28260956
    0.08232481
    0.08531067
    0.09956598
   -0.12158886
    0.13427654
   -0.28092091
    0.10051345
    0.09836624
    0.07744087
   -0.12288638
    0.12196807
   -0.28273471
    0.10151789
    0.09707617
    0.07976079
   -0.11945708
    0.12514420
   -0.27089796
    0.07716578
    0.11198116
    0.07271260
   -0.11805061
    0.13498023
   -0.28844400
    0.08360716
    0.09127386
    0.09732287
   -0.11258250
    0.12607958
   -0.26689513
    0.10118496
    0.07546881
    0.07595525
   -0.12776316
    0.13272110
   -0.29778180
    0.12505010
    0.07472583
    0.08850386
   -0.12182522
    0.13068090
   -0.28168097
    0.07775085
    0.07659983
    0.11841991
   -0.12718585
    0.13206269
   -0.29446923
    0.10976777
    0.10504839
    0.07624349
   -0.12862770
    0.13046642
   -0.28523861
    0.10744996
    0.07235413
    0.09900379
   -0.12000383
    0.12616060
   -0.28581676
    0.10234657
    0.10064657
    0.07013634
   -0.11984175
    0.14494108
   -0.29832282
    0.09119220
    0.09662760
    0.09542190
   -0.12356331
    0.13579119
   -0.29393225
    0.12619133
    0.07687127
    0.08338715
   -0.11733509
    0.12557425
   -0.28305825
    0.08356901
    0.10702461
    0.07782323
   -0.12002299
    0.12531087
   -0.27461703
    0.08276785
    0.10814737
    0.07281169
   -0.11459883
    0.12655122
   -0.27373273
    0.10420153
    0.07555976
    0.07951431
   -0.12523380
    0.13289219
   -0.29869810
    0.10071386
    0.10993074
    0.07772667
