$coord
        6.16143702992572       -6.28704133283372        0.21399402731422      c
        8.39697393382847       -4.96975551518939        0.51865233690961      c
        8.31757422912821       -2.37636146576904        0.83439443219221      c
        6.02093976539119       -1.13449473507703        0.85790163746956      c
        3.74685683211453       -2.42660135093000        0.51180093965280      c
        3.86275571590082       -5.03847738769701        0.18801874237123      c
        1.46425546798203       -1.10517358368438        0.45428976937491      n
        1.39507614786798        1.21126417621500       -0.81382852130578      c
       -0.62308490239211        1.89080400520838       -2.36701691195859      c
       -0.70184650994871        4.23481484765292       -3.52259230405249      c
        1.25913441310942        5.93228427495927       -3.19913158104703      c
        3.30924598177146        5.26913310142656       -1.71666216367616      c
        3.36782696426876        2.93889813626442       -0.53755259417046      c
        6.20064188606089       -8.31275223514713       -0.03379906986861      h
       10.18082832782207       -5.95694870100298        0.51313499867890      h
       10.02623665529432       -1.29266656872495        1.09109919067053      h
        2.15464038015589       -6.10422796570376       -0.12316155427981      h
       -2.17831648605722        0.60205713773421       -2.63023745685619      h
       -2.32258153038885        4.73095269706314       -4.65828453173827      h
        1.20662627074048        7.77108053460358       -4.07819279230277      h
        4.84017333005950        6.58155162372792       -1.42443264473064      h
        5.97299012008527        2.16003638113763        1.41721099013623      s
       -0.86666994024716       -2.44840400605008        0.95511068450270      c
       -1.67493953834151       -3.32905660463691       -0.73755479961322      h
       -0.42001769787617       -3.94847223971800        2.29619708749709      h
       -2.87230618114388       -0.71300503575905        2.12862050221303      c
       -3.42414437562001       -1.41025200320440        3.99991863829341      h
       -2.12010615752567        1.20503762486394        2.36796929274283      h
       -5.02514730240947       -0.64742141866189        0.54162065576250      o
       -6.85425994895529        1.10141445748929        1.35235463438507      c
       -7.30217997296429        0.79997185741758        3.35703259712428      h
       -6.14239342915397        3.04301859583943        1.12770740861406      h
       -9.22607838843876        0.70633309528041       -0.23535724535401      c
       -8.77424308485083        0.95356808321924       -2.24811749470273      h
       -9.92406310162677       -1.22556989357198        0.05013160055585      h
      -11.09476979167979        2.45799541469847        0.51019531369791      o
      -13.42594439170976        2.02152979477337       -0.70827771010756      c
      -14.12732604375015        0.11946697511698       -0.29617484170081      h
      -14.74622704554560        3.42158474204822        0.01984458277062      h
      -13.23936958310610        2.23389887714241       -2.75982823968895      h
        2.51957436824933        0.45579536378254        7.07905132632911      c
        1.14685497018063       -1.85648132621497        7.24192473040132      c
        0.06154229200715       -3.72552156408088        7.37525513852190      n
        2.41007963356747        1.45525487121276        8.87515484783652      h
        4.48764249476163        0.02774286938803        6.64227747367977      h
        1.71519864233744        1.63345553525406        5.59284334754625      h
       -6.03241479516604       -4.05647431609302        7.72112716421159      c
       -6.14279756619215       -1.39340310617366        8.12385799180876      c
       -6.20244056289382        0.74637698807058        8.45040138424826      n
       -7.19178339312560       -5.01545790338180        9.12547815535294      h
       -6.71747023594348       -4.50399736158838        5.82769891617729      h
       -4.06605765753117       -4.66035941748637        7.88861429334187      h
       -3.74599392711667        6.37876289524479        7.32707090012478      c
       -1.97044163265723        5.60752272884778        5.45352528907950      c
       -0.54952931233305        4.94367877150152        3.96008294001191      n
       -2.77126980191996        7.49977655328379        8.75171905826777      h
       -5.20345882454173        7.52725501834165        6.43592377397267      h
       -4.58135272049080        4.69983197541866        8.18291352181472      h
        4.98526591637330       -7.75750998430714        6.44772055645873      c
        6.15768685197418       -5.33211976151878        6.62812349556634      c
        7.11842934509513       -3.40139906823263        6.79366970664040      n
        4.06986644842962       -8.20569307112195        8.23539264441413      h
        3.58168418288581       -7.72161168519858        4.94473092489873      h
        6.43448467724479       -9.15816719109219        6.02411050992906      h
      -11.41206773918527        3.23507068236682        6.62775975352077      c
      -12.14766210243747        0.63968020871450        6.58015375354872      c
      -12.72172542131460       -1.44525802959069        6.54812244598229      n
       -9.62031774013296        3.38310679243043        7.63279945896395      h
      -11.17364544571701        3.88446457883645        4.68738834094317      h
      -12.84895017775649        4.35475413136945        7.58271736902481      h
        4.97702960580644        7.62242972572081        4.92526953318261      c
        3.30047518427099        9.10925665435355        6.43070953939842      c
        1.92149214256420       10.29524328426664        7.60775743864747      n
        3.88495783995089        6.15914342703768        3.97521708065095      h
        5.90053607620482        8.79816609535622        3.50836410985974      h
        6.40161547570255        6.74108199705858        6.11709743308784      h
       -5.75221763811523      -11.67868761886633        4.65425600916980      c
       -5.41112103285636      -13.21336512102039        2.45510438294042      c
       -5.14489415706995      -14.42111372232142        0.67959174816434      n
       -4.06284007335131      -11.75283762038725        5.82894448090805      h
       -6.08388470277097       -9.73431415269854        4.04558394935096      h
       -7.37207112200951      -12.35953718598394        5.72940269149834      h
       -0.49354701921248       10.77863578115130        1.16778703060989      c
       -3.05008358416845       10.43879961546230        1.94716851469582      c
       -5.10060125234562       10.16373952237811        2.58361323934886      n
        0.54331860745800       11.76024442049556        2.65151874617939      h
        0.35487130026420        8.92864057176347        0.84388418906640      h
       -0.44327705193130       11.86959450415154       -0.58070138744126      h
       13.02400198781246       -4.65949777020613        5.76717693510013      c
       11.91834490427619       -7.12668049873382        5.63374764463764      c
       11.02620378844074       -9.09279874207861        5.51491494610081      n
       11.50430389940918       -3.27857117120746        5.93288572863116      h
       14.25061371930166       -4.54265098972117        7.41568686892928      h
       14.11863768092366       -4.29055044912817        4.06416286845526      h
      -13.10240654712980       -6.53854188166540        3.63171677876865      c
      -13.26004144853191       -5.72601728227623        1.06815284184447      c
      -13.37083834837215       -5.06004678129541       -0.98919191773778      n
      -13.19165707008563       -4.88396374470270        4.86205174833835      h
      -14.65517995118043       -7.81701463664011        4.06022111554930      h
      -11.30098863377223       -7.49269687333135        3.91123179029023      h
        5.25693003072687       14.55740358186338       -2.02381799221552      c
        6.32553552921117       12.28196323113504       -1.04998761212524      c
        7.17515329770927       10.45733088571794       -0.25395684454546      n
        4.82554293421205       15.83396912996970       -0.46822530418887      h
        6.59149710548070       15.45921265802379       -3.30307306019234      h
        3.52109266138126       14.11338155736004       -3.04776910515738      h
       -3.05973694964890      -11.97925846794315       -4.47362807886595      c
       -2.04327955736454       -9.71289526634898       -3.42912714943267      c
       -1.25139612843745       -7.87488393324182       -2.60116242534756      n
       -3.93017667191368      -13.09484004323591       -2.97448012812878      h
       -4.46842397064720      -11.47778442127410       -5.88930580180771      h
       -1.55331266132884      -13.06835097241350       -5.35684868847909      h
       -9.29031006728834        8.09235627316130       -1.08568473016712      c
       -7.67705758800800        7.82096406170383       -3.22882751464183      c
       -6.37178221656685        7.60798707012436       -4.94107382299459      n
       -8.21518043770667        8.98629333415894        0.43240846579374      h
      -10.90772999291662        9.26649547029719       -1.57744654229068      h
       -9.93567293568276        6.23675991052199       -0.46267888384133      h
       10.08975381282836        5.69868654163407       -3.03741191820848      c
        9.40480762903234        6.02940210408617       -5.63062625711113      c
        8.86054916851640        6.29996189785344       -7.71056933889038      n
        9.47224583257372        7.33339269061799       -1.94716147363394      h
        9.17360532683860        4.00334869430998       -2.31165109303217      h
       12.13232831022669        5.49716335525652       -2.88712316330238      h
       -7.14348888394412       -5.19744768384770       -2.63907495713224      c
       -7.09182741583119       -5.91178531185582       -0.04544299070384      c
       -7.10600047571937       -6.48662257962062        2.04243358338488      n
       -9.07869165629362       -4.74940699483106       -3.17367539104186      h
       -5.97019208911489       -3.52331593209080       -2.88078388853422      h
       -6.43667611673242       -6.72242207597232       -3.82740848367719      h
       -2.09929031010562       10.27758876664225       -8.06352312537183      c
       -0.87834293380697       11.80187491686769       -6.20992838446387      c
        0.10644862082551       12.99608080032266       -4.69238049972972      n
       -3.66285595065665        9.26603522090928       -7.16691736212103      h
       -2.82558379258969       11.47050373077736       -9.57554908027521      h
       -0.75858890537538        8.91797645116704       -8.83392759982920      h
        1.90632312983063       -3.75273751770189       -5.72715034063959      c
        1.09559676979357       -3.60576486340337       -8.29337332831252      c
        0.42625405649300       -3.46700674898804      -10.34936164481756      n
        1.73454891651114       -1.89692356929009       -4.85195148970770      h
        0.73475503551374       -5.11488351391763       -4.71202982771607      h
        3.87444591983157       -4.35130770869445       -5.63112428576848      h
      -12.76015700969034       -6.26261007516073       -6.96619450203782      c
      -11.38546284191763       -4.08528059558414       -7.78950381018739      c
      -10.29026083785185       -2.34269804862197       -8.45071259608601      n
      -11.52573035207908       -7.90622086360284       -7.07531984415173      h
      -13.37530934680921       -5.98894553953471       -5.01664564025032      h
      -14.40257624969443       -6.54909045974294       -8.16973096913309      h
        6.15803708416833        1.16891392028725       -9.51863602072757      c
        6.38596432109690        0.76794536774867       -6.85133316812418      c
        6.55374294790595        0.43936722472268       -4.72070272053529      n
        6.79957108752769        3.07951609488880       -9.94573905576113      h
        7.32468312271683       -0.19713915243092      -10.52780837879267      h
        4.19534682067958        0.93935529417450      -10.09380892780161      h
       -5.40638101272529       -4.82353019409692      -11.40995373199033      c
       -5.88361667630861       -6.74682292414464       -9.58515696498556      c
       -6.29656339684551       -8.28129752625005       -8.11308287199475      n
       -6.59900570323332       -3.19897375736076      -10.98028761221036      h
       -3.41931552420980       -4.27248561681100      -11.31960176699739      h
       -5.84259228341581       -5.52641807103565      -13.29442429014215      h
$end
$md
  hmass=2
  time=      1.00
  temp=    300.00
  step=      5.00
  shake=2
  dump=100
  skip=1
$set
  mddump  10000
$end
$metadyn
  save=100
  kpush=0.480000    
  alp=0.500000    
$end
