 -1.0
  0.58424196292843D+01 -0.68948184240635D+01 -0.44036595983287D+01 -0.55548885321359D-04  0.47977568604991D-04 -0.13156765316395D-03
  0.82607992650165D+01 -0.61346341912442D+01 -0.37718021264770D+01 -0.96240669386425D-05  0.46574734751602D-04 -0.30063256287954D-03
  0.84278924510332D+01 -0.37785395382466D+01 -0.26526112953074D+01 -0.69239166210018D-04 -0.14300017425608D-03  0.12796744954976D-03
  0.62809665556678D+01 -0.25983619709372D+01 -0.17497237516000D+01 -0.66187264328855D-04 -0.12780988924536D-03  0.11541441029608D-03
  0.38439645187085D+01 -0.34467784561403D+01 -0.22992594741961D+01 -0.10367353465525D-03  0.81946030139128D-04 -0.56266808304448D-04
  0.36437613522685D+01 -0.56382956992347D+01 -0.37474774183509D+01 -0.99020250590850D-05  0.15793491781216D-03 -0.18646952405802D-03
  0.17467548492704D+01 -0.21868092906116D+01 -0.13123766302222D+01 -0.10967675635395D-03 -0.35135893326711D-04  0.83954598454907D-04
  0.18495112771868D+01  0.45279235000909D+00 -0.13395527247372D+01 -0.11555378819184D-03 -0.35456401970351D-04  0.92569290595841D-05
 -0.95068063179474D-01  0.18797406947115D+01 -0.24023662701589D+01 -0.22146864307399D-03 -0.18972934669093D-03 -0.75172468926630D-05
 -0.77698216525688D-01  0.44941998623657D+01 -0.24180656530701D+01  0.98412662853379D-05 -0.18653985522924D-03  0.18450999677892D-03
  0.21309576452329D+01  0.57079303679950D+01 -0.17251203771351D+01 -0.80207695917029D-04  0.54169427776616D-05  0.14227581843527D-03
  0.42079976690987D+01  0.43857680688707D+01 -0.84294449971958D+00 -0.11237951394159D-04  0.39508850317043D-04  0.33075656332362D-04
  0.40124165658548D+01  0.17888092075617D+01 -0.63977167901258D+00 -0.23378729814409D-03  0.65581594210879D-04  0.19020364201756D-03
  0.55870982097907D+01 -0.85832256514104D+01 -0.55219329019253D+01 -0.20207202887589D-02 -0.16603441820713D-03  0.26457556832385D-03
  0.98190939589301D+01 -0.71790011753369D+01 -0.45703837791428D+01  0.37327820353201D-03  0.85564932087926D-03 -0.74026220071317D-03
  0.10077280373540D+02 -0.26563178919003D+01 -0.22283974017271D+01 -0.75501170255799D-05 -0.18215677969049D-04 -0.37551237889814D-03
  0.18871594999434D+01 -0.66041705374080D+01 -0.41104531329575D+01  0.95318189181188D-04  0.52903634308520D-06 -0.29008596974300D-03
 -0.17437773653862D+01  0.86513269446450D+00 -0.30357912517850D+01 -0.24777395253880D-03 -0.31677425348817D-03  0.25081430805603D-03
 -0.16403279280401D+01  0.55817489869945D+01 -0.31516574906708D+01 -0.72520696449673D-03 -0.83430542530149D-03  0.62709625969332D-03
  0.20842785731778D+01  0.77450061871551D+01 -0.17945512768156D+01  0.78154638621237D-03  0.57901173255621D-04 -0.30628700148530D-03
  0.60100557342221D+01  0.52051522443716D+01 -0.36047641609335D+00  0.82317484497950D-05  0.10298055052736D-03 -0.14007384280837D-03
  0.66729478168952D+01 -0.40687270651801D-02  0.32031369603082D+00 -0.12770061328629D-03  0.59908460431229D-04 -0.10384853693074D-03
 -0.74060182247986D+00 -0.33242500697182D+01 -0.13994883101554D+01 -0.13458693536697D-03  0.12707039052697D-04  0.16018730216640D-03
 -0.15425204128947D+01 -0.30082241536364D+01 -0.32839031960043D+01  0.24452059507311D-03 -0.71651706766487D-03 -0.16633337455225D-03
 -0.44447397138962D+00 -0.53553236214507D+01 -0.12117004718774D+01  0.26468806205452D-03 -0.56470843154217D-04 -0.71026673779361D-03
 -0.25844170289491D+01 -0.23177544918469D+01  0.60016762865186D+00 -0.24180775086612D-03  0.64229094403845D-04  0.36906695445651D-04
 -0.24301458757659D+01 -0.34592226397548D+01  0.23222844496064D+01  0.14037577542458D-03  0.18029702741588D-03  0.89342577675002D-04
 -0.20539619601118D+01 -0.43011445756542D+00  0.12764907149764D+01  0.89670298636093D-03 -0.45517241850986D-03  0.96437565342338D-03
 -0.50837182551990D+01 -0.25590088023737D+01 -0.32334976873776D+00 -0.16996436618135D-03 -0.18586355890816D-04 -0.14076572716484D-03
 -0.67825848168283D+01 -0.71275096038942D+00  0.55218091237944D+00 -0.25346638622585D-04  0.15303142807680D-03 -0.21544327880366D-03
 -0.86923232326380D+01 -0.14669031553509D+01  0.24495562840835D+00  0.13975446507885D-04 -0.15789351249526D-03  0.20955530327296D-03
 -0.65619876743951D+01 -0.36925613493697D+00  0.25918855860209D+01  0.24133904478337D-03  0.14543327450590D-03 -0.23937047335641D-03
 -0.63842470349902D+01  0.18729844611416D+01 -0.65518827297334D+00  0.87811385520084D-04  0.20945376243582D-03 -0.60692904304068D-04
 -0.44388365677042D+01  0.25317058733426D+01 -0.34222131369489D+00  0.32111663325662D-03 -0.30381150826380D-03 -0.30580766696543D-03
 -0.67345107465694D+01  0.18773007943383D+01 -0.26992607769547D+01 -0.39701132595919D-03  0.56643512031874D-03  0.45942423055220D-05
 -0.81583921548813D+01  0.35254951262280D+01  0.45737393023835D+00 -0.16585880866512D-03 -0.45751227803920D-04 -0.74101749788398D-04
 -0.10423435830104D+02  0.38878624980041D+01 -0.90197179483667D+00 -0.22966789822588D-03 -0.25169854603894D-03 -0.26386150301683D-04
 -0.10474995823446D+02  0.46169361576910D+01 -0.28372756809915D+01 -0.10813278896532D-02  0.11030115437892D-02  0.36185933420097D-03
 -0.11493374594202D+02  0.21593543218750D+01 -0.58424118417621D+00  0.47605581902602D-03 -0.77469190776546D-03 -0.23053822740912D-03
 -0.11365346694792D+02  0.54679815074340D+01  0.49237015477868D-01  0.18548210564969D-03  0.25318658087383D-03 -0.39296887673619D-03
  0.13016252655740D+01 -0.16805919015280D+01  0.10495329194579D+02  0.23498772266609D-03 -0.14778123336596D-03  0.70929928897990D-04
 -0.10058433753612D+01 -0.29618817429628D+01  0.11035138972215D+02  0.20904684877900D-03 -0.48265328760958D-05  0.31478689714634D-03
 -0.28504633873420D+01 -0.40382607065183D+01  0.11392598558896D+02  0.54408828496929D-04  0.21148381538730D-03  0.19288962372097D-03
  0.88705534207960D+00  0.28798872253303D+00  0.10930895916210D+02 -0.99328402615033D-03  0.74854703211524D-04 -0.12931152983952D-02
  0.26990181963650D+01 -0.27347901623858D+01  0.11583102843225D+02 -0.17555857168085D-03 -0.70539611480451D-04  0.73119198164022D-03
  0.17788136872594D+01 -0.15002501224505D+01  0.84997124986595D+01  0.81042260778930D-04 -0.62310919752381D-03 -0.22214152452566D-04
 -0.89501579302092D+01 -0.45049108599555D+01  0.12096733461264D+02  0.13548656125379D-03  0.75473351043153D-04 -0.84387794334411D-04
 -0.97280871167829D+01 -0.19529909711617D+01  0.11710915101679D+02  0.12558292776776D-03  0.98069376085740D-04  0.77826077546653D-04
 -0.10300732355379D+02  0.11525857156604D+00  0.11422353174798D+02 -0.14257889247241D-03 -0.10780481036879D-04 -0.23530531920585D-03
 -0.80718914007243D+01 -0.48768615099334D+01  0.13920544687820D+02 -0.53533819204806D-03 -0.17352807426159D-02  0.82246560910998D-04
 -0.10689613824617D+02 -0.56100645955605D+01  0.12009688784635D+02 -0.27802241825816D-03  0.57938537205688D-03  0.64495677038018D-03
 -0.75946575987345D+01 -0.49347088731130D+01  0.10601012208459D+02 -0.30745419877092D-03 -0.38575083345358D-03 -0.38789166941763D-03
 -0.41701885302915D+01  0.28753032468621D+01  0.10247093968186D+02  0.53162106788372D-05 -0.13182897336824D-03  0.16591188896751D-05
 -0.29718319469287D+01  0.28973017961332D+01  0.78344132880646D+01 -0.36042528248123D-04 -0.13319577943726D-03 -0.18987470080293D-04
 -0.21803135851266D+01  0.31202127356619D+01  0.58309512675333D+01  0.14217173375857D-03 -0.13011275385200D-03  0.49880020842627D-04
 -0.51872396406570D+01  0.45865495960501D+01  0.10770184866163D+02 -0.44904347859559D-03 -0.45913117628681D-03  0.26459959888754D-03
 -0.53932604843982D+01  0.12339170666756D+01  0.10464643243205D+02  0.16861778540412D-02 -0.16377484069783D-02  0.85560735501484D-03
 -0.26502509308450D+01  0.26654042667432D+01  0.11623622955259D+02 -0.66894090003502D-05  0.12593828417846D-03  0.59471501683842D-04
  0.40379543974992D+01 -0.59110603528607D+01  0.36054553168328D+01 -0.39333548655583D-04 -0.15899266249432D-06  0.90879094245468D-04
  0.62992254923859D+01 -0.49378273670947D+01  0.47141051237232D+01 -0.13479132890202D-04 -0.16973770262608D-03  0.19068196154763D-03
  0.78455540907167D+01 -0.41714360782259D+01  0.60178023047828D+01  0.27534141522041D-03  0.20369327533239D-03 -0.33208270515912D-03
  0.47638785983532D+01 -0.67830771416677D+01  0.18887094026315D+01  0.61960570968673D-04  0.54990930596984D-03 -0.16858113462578D-03
  0.30517117138175D+01 -0.72000007049091D+01  0.48688896605092D+01 -0.17483908381191D-03 -0.19569659449502D-03 -0.20270179577891D-03
  0.25641129889585D+01 -0.45118637833094D+01  0.32714469912952D+01 -0.58172398814394D-03 -0.26408056775828D-03  0.10065811198042D-02
 -0.12371843904236D+02  0.81300928682858D+00  0.46937398057994D+01  0.43030611883722D-04 -0.24983590795652D-03  0.20868861659838D-03
 -0.13098396771198D+02 -0.10437137799196D+01  0.28760166436754D+01  0.14899178811623D-03 -0.20325747786996D-03  0.11752331351603D-03
 -0.13737518253778D+02 -0.27063478996038D+01  0.16493489336342D+01 -0.60396307501964D-04  0.18184548149628D-03 -0.32828705425456D-03
 -0.11026027441345D+02 -0.20084033299773D-01  0.60117387157659D+01 -0.42520911667454D-03 -0.61619754612515D-03  0.48912254347362D-03
 -0.11207082777878D+02  0.22773430149745D+01  0.38319642592197D+01  0.59766161083653D-03 -0.45726282418235D-03  0.54984618317801D-03
 -0.14076419856234D+02  0.16637946551575D+01  0.54688857898317D+01 -0.64694770611977D-03 -0.26995977634822D-03 -0.10212735489533D-02
  0.38653770558449D+01  0.49971979307812D+01  0.65874404644034D+01 -0.19710378780144D-03 -0.10914812707920D-04 -0.18942979739194D-03
  0.31510143531957D+01  0.46652172144851D+01  0.91695545961690D+01  0.18089495197642D-03 -0.52511584518315D-04 -0.83967890787011D-04
  0.22995471286270D+01  0.43574276352284D+01  0.11137769374378D+02  0.79503531358988D-04  0.46789550172006D-04 -0.11120541925266D-03
  0.22291665297652D+01  0.56012227452708D+01  0.54945560541930D+01 -0.38806046249043D-03 -0.43176644999209D-03 -0.15644028386387D-03
  0.52916743406796D+01  0.64328333313726D+01  0.62034245243242D+01 -0.85861807380958D-05  0.31284923531106D-04  0.52218371152873D-03
  0.44585897968057D+01  0.31897669009626D+01  0.58077198869343D+01  0.68612860539190D-04 -0.57766490391059D-04  0.10053746673474D-03
 -0.23053456090263D+01 -0.10426513785391D+02  0.11104816512546D+02 -0.83075795176318D-05 -0.40429541752100D-04  0.20007908071763D-03
 -0.90507346346589D-01 -0.10606929900600D+02  0.95654038646741D+01  0.11029194628179D-03  0.34834707571113D-03  0.31319970516551D-03
  0.17495434471937D+01 -0.10717401865320D+02  0.84322721107339D+01 -0.16019085626993D-03  0.67099745968532D-04 -0.13044791210473D-03
 -0.17216520020992D+01 -0.10210424738483D+02  0.13067466527634D+02 -0.16465355579980D-03  0.83689487106450D-03  0.19180574997341D-03
 -0.29279076733954D+01 -0.85264364503108D+01  0.10591790693663D+02 -0.63519442980664D-04 -0.26896399956144D-03 -0.78659914891399D-03
 -0.38366377982949D+01 -0.11784288110233D+02  0.10870263864432D+02  0.11888406262835D-03 -0.19677200646877D-03  0.25548113168482D-03
 -0.46612190019818D+01  0.86680254885361D+01  0.19638226758642D+01 -0.60192104989633D-04  0.68186314859783D-04  0.37783191403928D-04
 -0.55732324032601D+01  0.11195286418527D+02  0.17638549963886D+01  0.29741892753558D-03  0.18618315259913D-03 -0.20591479131979D-03
 -0.60712255653097D+01  0.13301735057383D+02  0.17490363504638D+01 -0.61717537198462D-04  0.10766692305591D-03 -0.26345474760493D-03
 -0.54326771168664D+01  0.77982819901130D+01  0.36633827002006D+01 -0.27107210606321D-03 -0.21325648424008D-03 -0.19125466628414D-03
 -0.53051923418859D+01  0.75840526647689D+01  0.33363550097647D+00 -0.50220500424579D-03  0.73446240901041D-03 -0.27747284619310D-03
 -0.26236771407045D+01  0.89228189151699D+01  0.17809751266688D+01 -0.86018246238503D-04  0.39843777776480D-03  0.14202176827479D-03
  0.11157147739712D+02 -0.91399612611696D+01  0.34121646529416D+01 -0.15714221635201D-03 -0.53960940551069D-04  0.37812320625812D-04
  0.91423292470104D+01 -0.99422533276698D+01  0.17922555630944D+01 -0.47408728021232D-04 -0.91117347376745D-04 -0.82042977570824D-04
  0.78566164259575D+01 -0.10670256616721D+02  0.21345485352747D+00 -0.11911997626388D-03 -0.18207286095981D-03  0.16778950076473D-04
  0.12035647693494D+02 -0.10778961354976D+02  0.42986275566674D+01  0.72265227271089D-03 -0.16542797384208D-03 -0.85544886888700D-03
  0.12519103073033D+02 -0.80681470882297D+01  0.23021616977230D+01 -0.53927617801321D-03  0.42806287316812D-03 -0.99048483036530D-06
  0.10380018501510D+02 -0.79850341340245D+01  0.49276909033472D+01  0.14373860663669D-03 -0.88460230592466D-03  0.93297240283110D-03
 -0.15117965244188D+02 -0.32965665460847D+01 -0.37157273467097D+01  0.65753061198169D-04  0.12270141528669D-03  0.46178343802124D-04
 -0.16348756000822D+02 -0.10127413159011D+01 -0.44411248079770D+01  0.36057530531170D-03  0.23066325227570D-03 -0.13275205544740D-03
 -0.17112206975255D+02  0.93065806520930D+00 -0.50145370297753D+01  0.20794801963768D-03  0.14402063407823D-03 -0.23046185426696D-03
 -0.13494776396405D+02 -0.28052440864065D+01 -0.25396411213172D+01  0.50381194878456D-03  0.26059362235483D-03 -0.56469180926140D-03
 -0.16396001867759D+02 -0.47518487112781D+01 -0.30243591346391D+01  0.26908855065749D-03 -0.11080269925037D-03 -0.53632580175925D-04
 -0.14070474061490D+02 -0.41771215004440D+01 -0.52522923739297D+01  0.25257096549830D-03 -0.19445574570559D-03  0.34035208525727D-03
  0.28317317216578D+01  0.15506868587574D+02  0.37367912228586D+00  0.15460094860555D-03 -0.25157511204098D-03 -0.29354253777116D-04
  0.31668736515297D+01  0.13328434091985D+02  0.19260950284050D+01  0.44803419490677D-04 -0.19560389555300D-03  0.74622075109227D-04
  0.35476336177523D+01  0.11503066869953D+02  0.30251195432711D+01 -0.26098576620630D-03 -0.29981284780524D-03  0.17603625675230D-04
  0.86179297937795D+00  0.16069307194601D+02  0.17724286879898D+00  0.42067410101982D-03  0.85580809998971D-03 -0.23076497256550D-03
  0.36565452495005D+01  0.17150507864739D+02  0.12950666556592D+01 -0.12213688749984D-02  0.24484606521857D-04  0.10652640866969D-02
  0.37689303825378D+01  0.15209665650758D+02 -0.14407331509168D+01 -0.75158096729102D-03 -0.47153124510047D-04 -0.59851796444978D-03
  0.22237482557835D+01 -0.13255731006748D+02 -0.84124777501623D+00  0.94054573831385D-04  0.25943394250665D-04 -0.24124841233899D-04
  0.11209297935287D+01 -0.11024964697767D+02  0.19221393084448D+00  0.13502735705137D-03  0.83367983707649D-05  0.58483528324004D-04
  0.13232710016608D+00 -0.94390074935194D+01  0.12868805791628D+01  0.13599395276437D-03  0.77879180387396D-04 -0.40023922925517D-04
  0.73489314782212D+00 -0.14643263153860D+02 -0.11694202108752D+01  0.40778743362507D-04  0.12706046840954D-03 -0.22703186820747D-03
  0.32430799258175D+01 -0.12800626327028D+02 -0.25715256240357D+01  0.69720294858916D-03  0.92852452601964D-04  0.31973716617735D-03
  0.36403982545122D+01 -0.13892394515622D+02  0.50904020262014D+00  0.15438964845489D-03 -0.16835686852434D-03 -0.17414715501365D-03
 -0.96827123705668D+01  0.10955649860931D+02 -0.10377263092843D+02  0.82388958700468D-04  0.50636369659781D-04 -0.75392221408501D-04
 -0.90070398824409D+01  0.95638992274722D+01 -0.81691428171232D+01  0.81552987059870D-04 -0.11264373497080D-03 -0.17632509443066D-03
 -0.82994998692894D+01  0.84688265157414D+01 -0.64425585300080D+01 -0.17109542582373D-03 -0.37933853317496D-04 -0.19785795709698D-04
 -0.89926911722521D+01  0.12875749780867D+02 -0.10066262796397D+02 -0.90073915949910D-03  0.52440675029159D-03 -0.39037367832279D-03
 -0.88510592948919D+01  0.10313497169671D+02 -0.12147142420018D+02  0.54644660706816D-03  0.92205875950514D-03 -0.23185644305058D-03
 -0.11709274819426D+02  0.10962051888506D+02 -0.10752590992707D+02  0.20489820941456D-03 -0.24079991359121D-03 -0.10097910526205D-02
  0.13972442033148D+02  0.17182057746710D+02 -0.65885468023527D+01  0.19045164542164D-03  0.68254738847735D-04 -0.44462574499657D-04
  0.12903690457836D+02  0.16191021857527D+02 -0.88642670404428D+01 -0.20145242939963D-03  0.36358667684741D-03 -0.49748078357514D-07
  0.12121242074007D+02  0.15169970575985D+02 -0.10608059431868D+02 -0.95435508628886D-04  0.18393426685158D-03  0.54815191207342D-04
  0.15422820857603D+02  0.15980106914767D+02 -0.57555151137214D+01  0.51239495944180D-03  0.68999387898995D-03  0.37471058735968D-03
  0.15026055912559D+02  0.18940214065232D+02 -0.67860598223482D+01 -0.26139658581196D-03  0.35833830423977D-03 -0.23725388407729D-04
  0.12457132882245D+02  0.17421582641504D+02 -0.52167688014048D+01 -0.32084626797048D-03  0.14433342061519D-03 -0.58074159342060D-03
 -0.63655795130319D+01 -0.79470572405315D+01  0.23037999412755D+01  0.99787281361498D-04 -0.27885961197095D-03  0.65464723788721D-04
 -0.61769038986123D+01 -0.72245431803421D+01  0.48888045595900D+01  0.21418247277965D-03 -0.10570130542626D-03  0.10559642161559D-04
 -0.59894191441879D+01 -0.67498732359988D+01  0.69934197879540D+01 -0.10802648380318D-03  0.22600716182808D-03 -0.24986116338153D-04
 -0.68157049179952D+01 -0.63507765342810D+01  0.10869092807315D+01  0.45960709661649D-03 -0.47589855446418D-03 -0.35544219483522D-03
 -0.45608674178805D+01 -0.84040703232554D+01  0.14252107344502D+01 -0.13566527623608D-03  0.45310039362701D-03 -0.10026818344158D-02
 -0.76850410018394D+01 -0.95234797131793D+01  0.24095417122314D+01 -0.11055539834142D-03 -0.13971301062284D-03  0.14494037948258D-02
  0.43672980397452D+01  0.15289379476948D+02 -0.11135413715736D+02  0.12535488021857D-03  0.10158581297195D-03  0.10801568344664D-03
  0.46243303057536D+01  0.14728992242635D+02 -0.85143691169485D+01  0.25898483600047D-03  0.18123805664765D-03  0.11289643015244D-03
  0.47287446462443D+01  0.14285768492384D+02 -0.63950428010339D+01  0.81453954086810D-04 -0.60691637753575D-04  0.75506698116605D-04
  0.44724754491214D+01  0.13524832138155D+02 -0.12206483454179D+02  0.13556917788195D-03  0.49132315869509D-03 -0.59548288518141D-03
  0.27026263881468D+01  0.16471457867638D+02 -0.11396813396848D+02  0.44792095318169D-03  0.50531739724272D-03 -0.28808317503021D-03
  0.59475054363058D+01  0.16362900582123D+02 -0.11903558220305D+02  0.67703679594314D-04  0.25454007403731D-03  0.19848230937714D-03
 -0.41422158534645D+00 -0.38455296915773D+01 -0.10293288593713D+02 -0.18290837333140D-03 -0.81156515745536D-04 -0.86116405833232D-04
 -0.15969299492374D+00 -0.44707559257009D+01 -0.12902634482485D+02 -0.11069585323302D-03 -0.14373540730061D-03 -0.64458127889783D-04
 -0.23032723981584D+00 -0.53534659056122D+01 -0.14880055867669D+02 -0.26768211712956D-03 -0.32804404809738D-04 -0.11041115281829D-03
  0.14652537507286D+01 -0.31199313065818D+01 -0.98683129886115D+01 -0.29162297772547D-03  0.78860140191015D-03 -0.78477532372789D-03
 -0.18035967525727D+01 -0.23589776006625D+01 -0.99493660790706D+01 -0.57496564415206D-03 -0.51293058927720D-03  0.35775473147649D-03
 -0.91712850450674D+00 -0.54929871057545D+01 -0.91645799101221D+01  0.15699851621509D-03 -0.29119575469846D-03 -0.22485813384427D-03
 -0.10238824000607D+02  0.10116057913802D+00 -0.81811971506650D+01  0.31707687764941D-03 -0.82561825278965D-04 -0.28505243738546D-03
 -0.80410543483444D+01 -0.10096945815473D+01 -0.70657621225266D+01  0.13576816765578D-03  0.10078629602030D-03  0.29177012261660D-03
 -0.62682749183556D+01 -0.19310387946179D+01 -0.62401494076983D+01  0.22137411995531D-03  0.11572597245909D-03  0.12889285605617D-03
 -0.11541892913817D+02 -0.13876429798638D+01 -0.87492194278039D+01 -0.46594927167484D-03  0.21690242497219D-03  0.48934600321127D-03
 -0.11222027962381D+02  0.12331393464258D+01 -0.67648711004984D+01  0.67009359221705D-03 -0.41277033630869D-03  0.26288358509071D-03
 -0.96959866570933D+01  0.11793479493226D+01 -0.98458147078160D+01 -0.18728526626073D-03  0.26424515873406D-03 -0.24824262903312D-03
  0.78064584088397D+01  0.42972554197907D+01 -0.63492519609379D+01  0.19060504095778D-03  0.12469416614334D-03  0.74291635649076D-04
  0.62579926923480D+01  0.20785777931692D+01 -0.62658575549866D+01  0.33327878503532D-03  0.26750878638260D-04  0.16503005601386D-03
  0.49747636319192D+01  0.33868705810664D+00 -0.63083166693853D+01  0.62438845379010D-04  0.21650815779044D-03  0.27760741034799D-03
  0.92109070706582D+01  0.40690124688918D+01 -0.48593483864491D+01  0.53916611238998D-03 -0.15259678665572D-02 -0.29999232269774D-03
  0.91076084513273D+01  0.42285673054836D+01 -0.79454610120693D+01  0.70128506511595D-03 -0.11474337529721D-02  0.41608014785794D-03
  0.67303029707571D+01  0.60512384400644D+01 -0.63159781886062D+01 -0.79671323121157D-03 -0.39092095089753D-03 -0.32618780940762D-03
 -0.97214787023960D+01 -0.14055271136308D+02 -0.30057353010267D+01 -0.16759065160948D-04 -0.88464041517745D-04  0.13773818979442D-03
 -0.11968190273078D+02 -0.13245965642168D+02 -0.17591384214218D+01  0.24838836707167D-04  0.16981116375110D-03  0.51326792263614D-04
 -0.13713087939023D+02 -0.12618554326049D+02 -0.63939442856031D+00  0.11571713939213D-03 -0.10816535525383D-03  0.36571489774743D-03
 -0.10097874884476D+02 -0.15455737120603D+02 -0.44696926719855D+01 -0.73999081774443D-03 -0.29523401941234D-03  0.47358095231287D-03
 -0.90555210833559D+01 -0.12297199018936D+02 -0.38577480586456D+01 -0.80979422115435D-03  0.93900030270324D-03  0.12763662746726D-02
 -0.83211161488778D+01 -0.14671003590895D+02 -0.16289930637732D+01 -0.58457547759368D-03 -0.92289460102614D-03  0.42476555634362D-03
