           1           2   1.4330789232038617     
           2           3   1.4253529173146546     
           3           4   1.4198281333545020     
           4           5   1.3295688191136044     
           1           6   1.4392788266125975     
           5           6   1.3646074911206114     
           5           7   1.0819973571290897     
           7           8   1.0757646608618139     
           8           9   1.3623735883840489     
           9          10   1.4402555297476678     
          10          11   1.4321531113192305     
          11          12   1.4235249338062868     
           8          13   1.3320170752176816     
          12          13   1.4178901633859866     
           1          14  0.97075717003690254     
           2          15  0.96966057768268832     
           3          16  0.96838472085040495     
           6          17  0.95889900676873219     
           9          18  0.96181904044100597     
          10          19  0.96748589256459072     
          11          20  0.96713189381142173     
          12          21  0.96147672635869108     
           4          22   1.0105755615250727     
          13          22   1.0077937626766156     
           7          23  0.99531554795001453     
          23          24  0.95523798734956511     
          23          25  0.96741695374033443     
          23          26  0.99267500059721303     
          26          27  0.96453005996635255     
          26          28  0.95551000934773600     
          26          29  0.97130941630575518     
          29          30  0.98586928494897674     
          30          31  0.96532530310555797     
          30          32  0.96605160811053548     
          30          33  0.99542735832154994     
          33          34  0.96715642623480935     
          33          35  0.96536270245251232     
          33          36  0.97946337534216554     
          36          37  0.98551496543081263     
          37          38  0.97644782947503628     
          37          39  0.98048624253388972     
          37          40  0.97812090099861004     
          41          42   1.0931217885950786     
          42          43   2.7998982089336111     
          41          44  0.94772710326225806     
          41          45  0.93022271053968453     
          41          46  0.93156915226817349     
          47          48   1.0931203098699274     
          48          49   2.7942489269934443     
          47          50  0.94747908725982322     
          47          51  0.93039967951555780     
          47          52  0.92895544815539666     
          53          54   1.0926077134273249     
          54          55   2.7901283622041522     
          53          56  0.94404568405556111     
          53          57  0.93975656743221214     
          53          58  0.93146349930178374     
          59          60   1.0841152075674823     
          60          61   2.8102437539161054     
          59          62  0.94869353755577013     
          59          63  0.94621383074906840     
          59          64  0.93962173776921676     
          65          66   1.0879488218622733     
          66          67   2.8108638679384419     
          65          68  0.93489558222209412     
          65          69  0.93784282608680747     
          65          70  0.94982241917947230     
          71          72   1.0882501094491384     
          72          73   2.8155587379003117     
          71          74  0.93152716674337488     
          71          75  0.93435245755488938     
          71          76  0.94845835090979980     
          77          78   1.0837540510726518     
          78          79   2.8175282148998511     
          77          80  0.95045233007021512     
          77          81  0.92222960462638759     
          77          82  0.95148997894388276     
          83          84   1.0915183550660239     
          84          85   2.7983606395180538     
          83          86  0.94467987132354680     
          83          87  0.93767251807730512     
          83          88  0.93343502282406088     
          89          90   1.0781777456475305     
          90          91   2.8287591880375746     
          89          92  0.93845557749530428     
          89          93  0.95179267201786466     
          89          94  0.95171059180714890     
          95          96   1.0940788743262930     
          96          97   2.7972251187821433     
          95          98  0.91446187463664164     
          95          99  0.94898555241897853     
          95         100  0.94069322823218471     
         101         102   1.0913437440646336     
         102         103   2.7997279149409531     
         101         104  0.94773079489795065     
         101         105  0.94814029786075515     
         101         106  0.91976293746770010     
         107         108   1.0954982663749320     
         108         109   2.7911890342975236     
         107         110  0.92416352396830459     
         107         111  0.93110027700777920     
         107         112  0.94714083516125647     
         113         114   1.0924799972171078     
         114         115   2.8018407439059980     
         113         116  0.92171519393836254     
         113         117  0.94954978716659300     
         113         118  0.93062622098503001     
         119         120   1.0865209222661951     
         120         121   2.8135394962582021     
         119         122  0.93197364717197306     
         119         123  0.93704383220796461     
         119         124  0.95038450924586726     
         125         126   1.0963636865704320     
         126         127   2.7844126915432748     
         125         128  0.93587682494195190     
         125         129  0.93660043463476428     
         125         130  0.93594877653451825     
         131         132   1.0968383906921830     
         132         133   2.7882515488620365     
         131         134  0.91208311251612839     
         131         135  0.94726422558396206     
         131         136  0.94490685497075011     
         137         138   1.0930390280413924     
         138         139   2.8012007528354279     
         137         140  0.93884792183957155     
         137         141  0.92106957085068475     
         137         142  0.94590744361343337     
         143         144   1.0830666518510108     
         144         145   2.8208998130236358     
         143         146  0.94728436886145884     
         143         147  0.92979903769783279     
         143         148  0.95081233167453727     
         149         150   1.0809196258726974     
         150         151   2.8240175265680918     
         149         152  0.93695003740289817     
         149         153  0.95088196281132409     
         149         154  0.94924772641397559     
         155         156   1.0951976148165117     
         156         157   2.7966244922569330     
         155         158  0.93516303452723848     
         155         159  0.92290125548171453     
         155         160  0.94726636847427559     
