   -0.03322510
   -0.04149306
   -0.04238261
    0.03343559
    0.05951623
   -0.05554416
   -0.09394640
    0.06000452
   -0.05673934
   -0.03399773
   -0.04185032
   -0.04244697
    0.03076948
    0.04202522
    0.04158595
    0.04348507
    0.04120540
    0.05846266
    0.03954171
    0.03637065
    0.03881002
   -0.18492339
   -0.00288449
    0.05938622
    0.06189436
    0.08397969
    0.02979575
    0.03036469
   -0.31793286
    0.08000091
    0.03249773
    0.03978429
    0.07936851
    0.04399737
    0.03220364
   -0.31995527
    0.03288308
    0.03436072
    0.06841958
    0.03601959
   -0.11601792
    0.12594638
   -0.28674683
    0.08710702
    0.09289073
    0.09397333
   -0.12122340
    0.12449176
   -0.28548657
    0.09337995
    0.09328462
    0.09555347
   -0.12209179
    0.12485527
   -0.28593942
    0.09329340
    0.09613210
    0.09375057
   -0.12121611
    0.12460303
   -0.28545879
    0.09464848
    0.09447834
    0.09294464
   -0.12146013
    0.12531993
   -0.28583373
    0.09387980
    0.09513459
    0.09295955
   -0.12220611
    0.12410026
   -0.28277311
    0.09331757
    0.09479892
    0.09276287
   -0.12299030
    0.12479818
   -0.28593081
    0.09540697
    0.09225396
    0.09646219
   -0.12185737
    0.12517777
   -0.28569114
    0.09263461
    0.09753367
    0.09220233
   -0.12104267
    0.12509661
   -0.28544817
    0.09276060
    0.09695767
    0.09167587
   -0.12211830
    0.12419193
   -0.28436521
    0.09278398
    0.09458186
    0.09492569
   -0.12231061
    0.12460825
   -0.28584129
    0.09508767
    0.09455430
    0.09390132
   -0.12247985
    0.12497936
   -0.28755074
    0.09359106
    0.09511509
    0.09634504
   -0.12256343
    0.12607506
   -0.28925828
    0.09533829
    0.09628099
    0.09412771
   -0.12121612
    0.12530903
   -0.28477764
    0.09397194
    0.09275899
    0.09395391
   -0.12131416
    0.12485368
   -0.28455255
    0.09419528
    0.09397446
    0.09284353
   -0.12252647
    0.12500751
   -0.28717604
    0.09298293
    0.09684333
    0.09486896
   -0.12169264
    0.12522813
   -0.28579119
    0.09414918
    0.09465223
    0.09345433
   -0.12770209
    0.12596582
   -0.29739762
    0.08843195
    0.11627757
    0.08683405
   -0.12195557
    0.12527438
   -0.28602275
    0.09360397
    0.09313695
    0.09596290
   -0.12247040
    0.12441085
   -0.28641907
    0.09587912
    0.09284017
    0.09575943
   -0.12335321
    0.12952423
   -0.28947602
    0.09782053
    0.09665541
    0.09641942
