           1           2   1.4329016892887076     
           2           3   1.4272737229566612     
           3           4   1.4174825105373796     
           4           5   1.3326052811287497     
           1           6   1.4417389262394966     
           5           6   1.3670109722800952     
           5           7   1.0749887141185277     
           7           8   1.0748260609664440     
           8           9   1.3652033634809695     
           9          10   1.4435319443797145     
          10          11   1.4315237837040662     
           9          12  0.10027087736020179     
          11          12   1.4278099594854943     
           8          13   1.3324607534700112     
          12          13   1.4174017109363746     
           1          14  0.96996808929593392     
           2          15  0.96944838807045675     
           3          16  0.96826837905818963     
           6          17  0.96438571604104184     
           9          18  0.96100551423542724     
          10          19  0.97015576929728486     
          11          20  0.96988353077025580     
          12          21  0.96872485422492671     
           4          22   1.0076413420932819     
          13          22   1.0059876978046167     
           7          23  0.99632537227793405     
          23          24  0.95951292768652929     
          23          25  0.96915114380809964     
          23          26  0.99082991178872815     
          26          27  0.96881670449851820     
          26          28  0.96281758661509331     
          26          29  0.98317289912823347     
          29          30  0.98221610133457038     
          30          31  0.96614405333874798     
          30          32  0.96528101863852589     
          30          33  0.99910917414716405     
          33          34  0.96477746049156732     
          33          35  0.96575547659826966     
          33          36  0.98777108134316716     
          36          37  0.99132110493909131     
          37          38  0.97728267216012454     
          37          39  0.97925960567475612     
          37          40  0.97711383786575001     
          41          42   1.0846513208919881     
          42          43   2.8217998903480770     
          41          44  0.94348968201835559     
          41          45  0.94609879636801342     
          41          46  0.94479799279511412     
          47          48   1.0836534432416507     
          48          49   2.8243890387760526     
          47          50  0.94618399734690462     
          47          51  0.94627245689398543     
          47          52  0.94588448848761675     
          53          54   1.0835874318452490     
          54          55   2.8246220589484352     
          53          56  0.94632555707188359     
          53          57  0.94539808454478824     
          53          58  0.94646248268715916     
          59          60   1.0833380763029381     
          60          61   2.8250527381793158     
          59          62  0.94621252379890475     
          59          63  0.94602056151061853     
          59          64  0.94632111679149900     
          65          66   1.0846697509479382     
          66          67   2.8231886197144309     
          65          68  0.94583290971477352     
          65          69  0.94559437982218353     
          65          70  0.94580061912332392     
          71          72   1.0823733918136482     
          72          73   2.8267411288223525     
          71          74  0.94673741713555482     
          71          75  0.94625518841393674     
          71          76  0.94688729327539267     
          77          78   1.0833872995356575     
          78          79   2.8248304933966701     
          77          80  0.94586263616385535     
          77          81  0.94693769491476310     
          77          82  0.94553642576697938     
          83          84   1.0837146077466855     
          84          85   2.8245016311026352     
          83          86  0.94664707221176270     
          83          87  0.94512817376673253     
          83          88  0.94637955866915413     
          89          90   1.0838058685441181     
          90          91   2.8240332956023426     
          89          92  0.94638204531285808     
          89          93  0.94559234170709228     
          89          94  0.94644335012366976     
          95          96   1.0825613939293370     
          96          97   2.8260066642608681     
          95          98  0.94676916373330489     
          95          99  0.94664914661044608     
          95         100  0.94597609244634095     
         101         102   1.0838856444835121     
         102         103   2.8242668283537489     
         101         104  0.94565270111747868     
         101         105  0.94598682048327465     
         101         106  0.94606572991802751     
         107         108   1.0850698211318948     
         108         109   2.8223680626066150     
         107         110  0.94587854233455493     
         107         111  0.94559776808824303     
         107         112  0.94487577885449114     
         113         114   1.0846922316579009     
         114         115   2.8221551855065892     
         113         116  0.94518526913379652     
         113         117  0.94559961049463515     
         113         118  0.94609064204290827     
         119         120   1.0827131316258263     
         120         121   2.8257516242121148     
         119         122  0.94644679384195496     
         119         123  0.94698930278975246     
         119         124  0.94626301537787572     
         125         126   1.0823486697240812     
         126         127   2.8262572152397589     
         125         128  0.94630033980670913     
         125         129  0.94686455689931559     
         125         130  0.94681363346461045     
         131         132   1.0835014601651594     
         132         133   2.8244054832986816     
         131         134  0.94625445167525912     
         131         135  0.94569249922307774     
         131         136  0.94605128388108750     
         137         138   1.0839890014461318     
         138         139   2.8237745098061935     
         137         140  0.94570516155588957     
         137         141  0.94617002495848024     
         137         142  0.94624400932310271     
         143         144   1.0904227321864370     
         144         145   2.8131547641050041     
         143         146  0.94550123688810883     
         143         147  0.92947558716408218     
         143         148  0.94613517848462725     
         149         150   1.0841941443896774     
         150         151   2.8237005141448583     
         149         152  0.94597404156271847     
         149         153  0.94609567696333374     
         149         154  0.94561195620662786     
         155         156   1.0845782603892296     
         156         157   2.8232145766016870     
         155         158  0.94518834834252030     
         155         159  0.94616354241419010     
         155         160  0.94559866930400993     
         161         162   1.0873582043221932     
         162         163   2.8163945291980310     
         161         164  0.94426441404148642     
         161         165  0.94454521226203969     
         161         166  0.94502458661116473     
