   -0.06183946
    0.07359677
   -0.09147195
    0.06930917
   -0.07857126
    0.06822401
   -0.04621807
    0.06573651
   -0.04416659
    0.06954220
   -0.05562063
    0.08342046
   -0.06867631
    0.08774622
   -0.07001677
    0.08059584
   -0.07827126
    0.10791850
   -0.06894954
    0.08448984
    0.63204347
   -0.13056582
    0.14254423
   -0.34233075
    0.07583051
    0.06803523
    0.07743589
   -0.12811289
    0.12387732
   -0.28850418
    0.11629608
    0.08378671
    0.08405430
   -0.13493873
    0.13168067
   -0.31124499
    0.09121169
    0.11862303
    0.10055043
   -0.05250151
    0.12153838
   -0.25288799
   -0.00452259
    0.09657007
    0.08916934
   -0.13121125
    0.12760259
   -0.30514860
    0.09943666
    0.10992281
    0.10194774
   -0.12954343
    0.13101290
   -0.30699360
    0.11641024
    0.09161210
    0.10046738
   -0.11377284
    0.08873510
   -0.23652824
   -0.00031860
    0.07908531
    0.07644134
   -0.09788412
   -0.13729870
    0.04772435
    0.05478876
    0.07084902
    0.02293163
   -0.12682235
    0.12841807
   -0.29731227
    0.10217888
    0.10123428
    0.10029773
   -0.07244867
    0.16739951
   -0.28427277
    0.08018756
    0.07802568
    0.09722124
   -0.12696870
    0.12937535
   -0.29159472
    0.10577052
    0.08914006
    0.09667457
   -0.12824637
    0.12683671
   -0.28750041
    0.09092917
    0.08742274
    0.10960791
   -0.12310608
    0.12593681
   -0.28665378
    0.09090520
    0.09612861
    0.09678925
   -0.12784876
    0.12438143
   -0.29092635
    0.08675232
    0.11541735
    0.08489036
   -0.12855167
    0.12354647
   -0.29905416
    0.09447570
    0.10171878
    0.10273682
   -0.12649655
    0.12425951
   -0.28886810
    0.10449227
    0.09042721
    0.09617744
   -0.13176932
    0.12452610
   -0.29958279
    0.08663177
    0.09708456
    0.11522525
   -0.12202007
    0.12446619
   -0.28149065
    0.09147557
    0.09282299
    0.09474609
   -0.14730515
    0.16689260
   -0.25080169
    0.16652565
    0.09721572
    0.12818417
   -0.12913509
    0.13145887
   -0.28851633
    0.09848045
    0.09234652
    0.10671424
   -0.08652042
    0.12486109
   -0.28795560
    0.07667378
    0.11842913
    0.15191645
   -0.12787613
    0.12955124
   -0.29720446
    0.09467603
    0.11233003
    0.09003142
   -0.12250234
    0.12711700
   -0.28388192
    0.09391934
    0.09274510
    0.09581883
   -0.05251103
    0.12278662
   -0.25938719
    0.09443119
    0.09279251
    0.00452335
   -0.12353968
    0.12701234
   -0.28205980
    0.09439311
    0.09320977
    0.09552949
   -0.12199078
    0.12452172
   -0.28412970
    0.09122497
    0.09524091
    0.09513313
   -0.06860269
    0.21396404
   -0.23337967
    0.10513193
    0.08892225
    0.00031888
   -0.06095387
    0.17671534
   -0.26928632
    0.06417138
    0.06668780
    0.07277281
   -0.12773918
    0.12419121
   -0.29611567
    0.08793812
    0.11565512
    0.08809755
   -0.09457652
   -0.14007963
    0.05247848
    0.05720228
    0.00899173
    0.06688674
   -0.12557344
    0.12793378
   -0.29114319
    0.10234479
    0.09122270
    0.09966885
   -0.12328208
    0.12808236
   -0.28300587
    0.09512882
    0.09449157
    0.09383396
   -0.12414884
    0.12450871
   -0.28660260
    0.09776028
    0.10069955
    0.08778461
   -0.12399952
    0.12932244
   -0.28849457
    0.10077003
    0.09398433
    0.09575227
   -0.12263237
    0.12788579
   -0.28117757
    0.09321663
    0.09505123
    0.09276964
   -0.12302033
    0.12507350
   -0.28709992
    0.09486116
    0.09193670
    0.09824900
   -0.12393629
    0.12992312
   -0.28560240
    0.09881467
    0.09762723
    0.09105830
   -0.12537053
    0.12464488
   -0.29169078
    0.10315490
    0.09208785
    0.09717447
   -0.12461291
    0.12455317
   -0.28432976
    0.13046291
    0.08893585
    0.09823825
   -0.12416055
    0.12910143
   -0.28799641
    0.10052716
    0.09575906
    0.09283879
