           1           2  0.96126895257362110     
           1           3   1.3020903026516537     
           3           4  0.95204774111481050     
           3           5   1.2862270456836293     
           5           6  0.95740066809037427     
           1           7   1.2840461769908200     
           7           8  0.96615318164417352     
           5           9   1.2671282754517370     
           7           9   1.4165939982878586     
           9          10  0.96531489388316083     
          11          12  0.95458029177416703     
          11          13   1.3267588057003010     
          13          14  0.95480032691162564     
          13          15   1.2933120876611777     
          15          16  0.95769957775868186     
          11          17   1.2815956849515833     
          17          18  0.94322412412593271     
          15          19   1.2857700805187624     
          17          19   1.3057305182553902     
          19          20  0.95543367359991793     
           1          21  0.31074408292278838     
           3          21  0.26500364001240295     
           5          21  0.32082507547438949     
           7          21  0.11473242444683640     
           9          21  0.17076225826276170     
          11          21  0.34062222245958312     
          13          21  0.29957918556959384     
          15          21  0.35093958262663882     
          17          21  0.33569362472607894     
          19          21  0.34389254524640467     
          22          23   1.0307336526432058     
          23          24   1.9196153201655601     
          22          25  0.95803931294975309     
          22          26  0.96176231391827116     
          22          27  0.98048448007857747     
          28          29   1.0894738329415687     
          29          30   2.8156686738828882     
          28          31  0.92758462829486288     
          28          32  0.94715975331608449     
          28          33  0.94708312251289517     
          34          35   1.1006156802215987     
          35          36   2.7886346177849717     
          34          37  0.93456955224946969     
          34          38  0.92629531954127109     
          34          39  0.93511536245039151     
          40          41   1.0589882428054505     
          41          42   2.8449189606658893     
          40          44  0.93834630985136036     
          40          45  0.94197308200339325     
          46          47   1.0927995540253481     
          47          48   2.8022280402424520     
          46          49  0.94258428438287556     
          46          50  0.93112565874923992     
          46          51  0.94251573106563225     
          52          53   1.0977806673773753     
          53          54   2.7927733891179263     
          52          55  0.92233493257325172     
          52          56  0.94279664866647961     
          52          57  0.94114735701812668     
          58          59   1.8902377536386985     
          59          60   1.0125724751764515     
          58          62  0.96511101340767014     
          58          63  0.96302888326013558     
          64          65   1.0862276330163805     
          65          66   1.4359609966443245     
          64          67  0.96459299821901034     
          64          68  0.92949622107661134     
          64          69  0.96911343938665673     
          70          71   1.0898373697968107     
          71          72   2.8102889272105762     
          70          73  0.94244517662452920     
          70          74  0.94303705924848502     
          70          75  0.94338431615305718     
          77          78   2.7335164999891752     
          76          79  0.97285719112185320     
          76          80  0.97605787574216307     
          76          81  0.97417018601781147     
          82          83   1.0918794261778102     
          83          84   2.8086966866456136     
          82          85  0.93225460268449223     
          82          86  0.94540451626693267     
          82          87  0.94397926712969049     
          88          89   1.0917723895558482     
          89          90   2.8112043556754460     
          88          91  0.94486578916563646     
          88          92  0.94514249478977064     
          88          93  0.93271355203552064     
          94          95   1.0846881339576986     
          95          96   2.8229143952163089     
          94          97  0.94666408580293471     
          94          98  0.94533191828264052     
          94          99  0.94513749638899880     
         100         101   1.0889383137111754     
         101         102   2.8161498804014142     
         100         103  0.94645391408926172     
         100         104  0.93006466491347894     
         100         105  0.94684546007198578     
         106         107   1.0872459916797408     
         107         108   2.8169882160413331     
         106         109  0.94538194138375842     
         106         110  0.94433829609094255     
         106         111  0.93233026873387881     
         112         113   1.0853737771373457     
         113         114   2.8219657137897105     
         112         115  0.94360481449815814     
         112         116  0.94599939176111536     
         112         117  0.94529053027190024     
         118         119   1.0895820777514682     
         119         120   2.8140481840378762     
         118         121  0.94653376763918606     
         118         122  0.94425254045116902     
         118         123  0.92934717917713239     
         124         125   1.0823828263886248     
         125         126   2.8268894599552792     
         124         127  0.94727717731127303     
         124         128  0.94675588088529317     
         124         129  0.94632231356675289     
          21         131  0.12245844295852618     
         130         131   1.1361172255645942     
          21         132  0.56650716592882477     
         131         132   2.5623709975559690     
         130         133  0.88827337659357242     
         130         135  0.92396163378638396     
         136         137   1.0965047353622817     
         137         138   2.8015577592146932     
         136         139  0.94236048706182085     
         136         140  0.94315518912509433     
         136         141  0.92867754976013717     
          23         142  0.94047127001709285     
         142         143   1.0632669728839541     
         143         144   2.8082888043609238     
         142         145  0.93796967641056261     
         142         146  0.90180431380710768     
          24         147  0.94472522732113684     
         148         149   1.0924684995061322     
         149         150   2.8066083372043287     
         148         151  0.94392689864956436     
         148         152  0.92716132921723315     
         148         153  0.94548368513566394     
         154         155   1.0852137123082581     
         155         156   2.8185740594310302     
         154         157  0.94568441956500826     
         154         158  0.94631187502983383     
         154         159  0.94517545293249072     
          40         160  0.95307831194536319     
         160         161   1.0595375007847836     
         161         162   2.8431218925021744     
         160         163  0.93845384285283107     
         160         164  0.94084370598007294     
          43         165  0.99997834873362823     
         166         167   1.0862737529707494     
         167         168   2.8168451476133449     
         166         169  0.94507249187332842     
         166         170  0.94589448524406872     
         166         171  0.94526306053073350     
         172         173   1.0836514861724511     
         173         174   2.8250844792013128     
         172         175  0.94692397815973361     
         172         176  0.94557367776300905     
         172         177  0.94578216284927985     
          59         178  0.93449070904112408     
          60         179  0.91111199371659501     
         178         179   1.0216153474186376     
          60         180  0.81676058595181411     
         179         180   1.8379482339451938     
         178         181  0.94638086870771498     
         178         182  0.95522443731174578     
          61         183  0.99999869255398199     
          66         184  0.93878257825730682     
          66         185   1.1500896510358500     
          66         186  0.10541754799166565     
         185         186   2.7394774153521126     
         184         187  0.98122186049954374     
         184         188  0.97284236698370896     
         184         189  0.97457176104219645     
         190         191   1.0878950440023618     
         191         192   2.8163970274641859     
         190         193  0.94674108028115245     
         190         194  0.92850965055402068     
         190         195  0.94673452136390857     
          78         197  0.11170940647222903     
         196         197   1.0846442516737036     
          76         198  0.95976367942284091     
          77         198   1.1410862626465212     
         197         198   1.4325176884591997     
         196         199  0.95710792266518974     
         196         200  0.97202893442836358     
         196         201  0.93789160272925531     
         202         203   1.0878116852992450     
         203         204   2.8136919680661552     
         202         205  0.94291761752362047     
         202         206  0.94585591466398322     
         202         207  0.94383760199283728     
         208         209   1.0861183496949294     
         209         210   2.8188320751792597     
         208         211  0.94506987004670417     
         208         212  0.94568241739109160     
         208         213  0.94566006000673164     
         214         215   1.0839263084020967     
         215         216   2.8241378328183528     
         214         217  0.94540997384317527     
         214         218  0.94451840407575527     
         214         219  0.94732912950354242     
         220         221   1.0875548846156988     
         221         222   2.8161196913778652     
         220         223  0.94347048369975728     
         220         224  0.94527092122246947     
         220         225  0.94486566248080806     
         226         227   1.0854397769367015     
         227         228   2.8166968282185350     
         226         229  0.94559187734907080     
         226         230  0.94538794278889715     
         226         231  0.94651026885565581     
         232         233   1.0835924766597658     
         233         234   2.8241969830893199     
         232         235  0.94604491379376721     
         232         236  0.94687468814554454     
         232         237  0.94505100106271467     
         238         239   1.0871177205164149     
         239         240   2.8172500335278317     
         238         241  0.94425447427220333     
         238         242  0.94449949479244188     
         238         243  0.94609399927438109     
         244         245   1.0853126173762278     
         245         246   2.8214729140679973     
         244         247  0.94385079970704167     
         244         248  0.94573943321240195     
         244         249  0.94510778209554580     
         134         250  0.94572906424059833     
         250         251   1.0830990276174304     
         251         252   2.8257013253154715     
         130         253  0.92273561076195054     
         250         254  0.94744687836292196     
         250         255  0.94531360993389180     
         256         257   1.0872589387171345     
         257         258   2.8138266559470777     
         256         259  0.94347289508971388     
         256         260  0.94512094968022242     
         256         261  0.94561101040420970     
