   -0.01772706
   -0.01836372
   -0.03234285
    0.03150210
    0.07356520
   -0.04118663
    0.00250400
    0.06723166
   -0.04095606
   -0.01820198
   -0.01810697
   -0.03273704
    0.02721923
    0.08225420
    0.08117534
    0.08179831
    0.08507864
    0.08817468
    0.08215230
    0.08150028
    0.08290013
    0.13684674
   -0.02463390
    0.10427351
    0.10517484
    0.07592044
    0.05263796
    0.04538695
   -0.31118966
    0.07352796
    0.03660195
    0.04988053
    0.07579206
    0.04743494
    0.03139332
   -0.31752051
    0.03115980
    0.03207231
    0.06709102
    0.03634371
   -0.12644174
    0.13109194
   -0.29465336
    0.09694674
    0.09834059
    0.09908814
