           1           2   1.3622278486288755     
           2           3   1.4796153367346205     
           3           4   1.3644344186258008     
           4           5   1.2735418099360871     
           1           6   1.4981828599909550     
           3           6  0.10436581083254141     
           5           6   1.3143573071622916     
           5           7   1.1489671563436370     
           7           8   1.1501148745695566     
           8           9   1.3109597973869802     
           9          10   1.4989422835938448     
          10          11   1.3616298901809825     
           9          12  0.10423953052122795     
          11          12   1.4802113639238972     
           8          13   1.2747944347203333     
          12          13   1.3630256277852122     
           1          14  0.96447471707352639     
           2          15  0.96442504928952766     
           3          16  0.96181600473540096     
           6          17  0.95543801131465877     
           9          18  0.95439300758769463     
          10          19  0.96443697062324496     
          11          20  0.96430902081309400     
          12          21  0.96166989870745689     
           4          22   1.1012062484797922     
          13          22   1.1020354912102703     
           7          23  0.98414779553868836     
          23          24  0.94377503988734490     
          23          25  0.95794420653383905     
          23          26  0.97520378942069241     
          26          27  0.96119375817997454     
          26          28  0.95888665348924929     
          26          29  0.98673374486977694     
          29          30  0.97979335974952031     
          30          31  0.96652869255638874     
          30          32  0.96508364462450491     
          30          33  0.99868240529293084     
          33          34  0.96439352141573842     
          33          35  0.96539395494755020     
          33          36  0.98680724373017514     
          36          37  0.99304547710271540     
          37          38  0.97746252349069040     
          37          39  0.97916875604091480     
          37          40  0.97703620563963944     
          41          42   1.0925494127229416     
          42          43   2.8051987188301326     
          41          44  0.94300232100509473     
          41          45  0.94278013476266209     
          41          46  0.94224003327032735     
