$coord
        0.41535108007869       -7.80546277384419       -9.50278049716979      c
       -0.14284950256361      -10.08191741677482       -8.34872228184283      c
       -0.59161008801811      -10.12543750453864       -5.77415237500832      c
       -0.60222858630743       -7.91865240061210       -4.37869454033489      c
       -0.14733634485623       -5.59161779147195       -5.53574336104584      c
        0.47845612834164       -5.60161301243263       -8.09473695645404      c
       -0.16459140198075       -3.29731580453051       -4.23358010879692      n
        0.79907677393768       -3.22508925704538       -1.77493795565846      c
        2.03313444076240       -1.05561569336207       -0.92780800260674      c
        3.17772036521548       -1.05873277353024        1.42290640997903      c
        3.11229301377996       -3.19669333316302        2.92501143686558      c
        1.71222796241041       -5.28480635826534        2.20387032022044      c
        0.59462789616710       -5.29724807517367       -0.15717643096011      c
        0.72887063982230       -7.77206850586556      -11.51946924136466      h
       -0.52437017186090      -11.74144220376069       -9.46994342942495      h
       -1.01824709117700      -11.87631821491818       -4.81905186321652      h
        0.69621371702182       -3.85715497870200       -9.12418507349721      h
        2.07691079525074        0.66373753149744       -2.01904908301582      h
        4.18134602134175        0.58424542507079        2.09825066801913      h
        4.12997148888124       -3.38414946068494        4.68167537500444      h
        1.71165744050956       -6.90452749359464        3.44002656621901      h
       -0.82897578768436       -8.19220091312967       -1.05562085474867      s
       -1.01702905193914       -0.95807215327240       -5.36918233353974      c
        0.65605971467274        0.20180812472352       -5.75572727372356      h
       -1.85573917536425       -1.33143048358620       -7.21455076623375      h
       -2.91966944017795        0.59670538346840       -3.82842338875004      c
       -3.90953701892636       -0.75379762266612       -2.60828434959172      h
       -2.04651297620769        1.99511599525030       -2.56984246109227      h
       -4.85282356221252        1.64277031806436       -5.35363089924197      o
       -4.42890252216019        4.10992621243042       -6.24514777263801      c
       -2.39089809569258        4.41473730413669       -6.49785685907610      h
       -5.27853111137458        4.17099426044911       -8.14289615013312      h
       -5.75086146452982        6.11536132085181       -4.65357760751512      c
       -6.50113545642458        5.12898550239912       -2.98605375915873      h
       -4.36963941930401        7.51776748144550       -4.00057046921259      h
       -7.64274707277370        7.44669690453432       -5.98191923156570      o
      -10.13330950061030        7.10124111004821       -5.09461271726838      c
      -11.34632130858781        8.33885418120634       -6.22444642438666      h
      -10.81915967621918        5.17086398994927       -5.28622671903278      h
      -10.37673196733432        7.59493295857003       -3.09816982471182      h
       17.29623188940962        7.87258787834170        1.91910360561453      c
       16.80477668995805        6.50549790118784       -0.34960672494587      c
       16.49509536806563        5.32589168677118       -2.13891348335151      n
       18.92769558262059        9.09988634835422        1.65649944127897      h
       15.76133116476793        9.03400179308854        2.65564279061147      h
       17.72102719645681        6.38753936515211        3.28178398071668      h
        8.10927605006696       -1.45624110767659        8.67253995851001      c
        5.66380621618762       -0.80061650389178        9.59782824614584      c
        3.68896065715794       -0.28521408747856       10.32114843324245      n
        9.42743628850802       -0.00101711127129        9.28960031133042      h
        8.71935786460553       -3.25883259881324        9.46822360123087      h
        7.97529227917530       -1.55531368005878        6.61547347407739      h
      -16.91803492560534       11.76517043488814       -0.06604487528797      c
      -16.25368743508618        9.94766381883211       -1.94031342961116      c
      -15.93168317272329        8.63714166785034       -3.63409488497928      n
      -18.86121446435300       11.39716419786806        0.50404792940038      h
      -15.72967391514440       11.75217882635310        1.61473191281176      h
      -16.85684683190692       13.65165125496022       -0.89462563357683      h
        9.76563588875996        4.07858947762958        0.08294680962537      c
        9.87011929662262        2.04072206966786        1.85094382560703      c
        9.89366707210657        0.39179358546551        3.25044174908833      n
       10.47752420843141        3.45162822944620       -1.74317760367865      h
        7.81283124431630        4.72243325947306        0.03470358982995      h
       10.93111480261729        5.64468070243435        0.73910096547985      h
       -9.35523620162243        0.99931172020590        5.18253193208601      c
       -7.47290326171030        2.65510284677861        4.18523781413894      c
       -5.98433977708948        4.00671512281904        3.38845354986026      n
       -9.13114986186799        0.70054672956901        7.20809663142524      h
      -11.19084413292020        1.89170194038279        4.90363758106321      h
       -9.22531235931142       -0.77412050389057        4.14893425533292      h
       -7.59220953638531       13.01206830196289       -9.17194308409775      c
       -5.45130281619465       13.73938622432955       -7.69703098107625      c
       -3.60302995708242       14.26973691538254       -6.69892484666826      n
       -8.56632403887206       11.38142205544792       -8.37914995154320      h
       -8.93828990266634       14.55780316930879       -9.37593464710171      h
       -6.79237668201097       12.47645504630506      -10.98854934521909      h
       -4.57149525665652      -18.92992176461677       -1.05589986583354      c
       -6.44020965782587      -17.36285266813134        0.11031226692228      c
       -7.81409022407732      -16.02441286328103        1.11181595041722      n
       -3.22066948852150      -19.62894004472276        0.33191531383127      h
       -5.36847392947347      -20.44447406166296       -2.21003557219821      h
       -3.59813753135722      -17.65952331062241       -2.35285180693995      h
       -1.59091699119538        1.89922992251658       13.79985826333898      c
       -1.85934951183394        1.88301317628120       11.11909637085240      c
       -1.87125474130186        1.91095545324679        8.95474424041655      n
       -1.86613106580705        3.81142146949242       14.51251972097695      h
       -2.91198478494787        0.64693671639568       14.76616596824197      h
        0.33477787046238        1.26447430808821       14.17230203452644      h
        0.13309603409855        5.71998384175729        3.85112334642586      c
       -1.33096741791147        7.99668530201151        3.87162327904558      c
       -2.34922919307277        9.88884913595312        4.11352596689264      n
       -1.06471002567786        4.16327392001741        4.47226328129694      h
        0.84685439420594        5.14237605374531        2.00918611663904      h
        1.73722203877879        5.85861467616261        5.13259421633068      h
       -6.94777682341936       -5.50256237750715       -4.25550003246158      c
       -7.66488254996882       -4.22207849093772       -1.99651233027354      c
       -8.27762830006690       -3.10464610199409       -0.24598451762735      n
       -6.45062983807333       -4.02955618882945       -5.61285637756314      h
       -5.29144324749465       -6.66029358049331       -3.87414541655126      h
       -8.41656569357117       -6.73894067010337       -4.99555061240023      h
        5.35999400368905       22.17381396809142       -3.08066506314953      c
        7.62590549390684       21.41869105723894       -1.83033445954701      c
        9.41028389652861       20.78556503331111       -0.78155245860212      n
        4.64108629436507       20.52716988650553       -4.08431739874496      h
        3.97770782288929       22.88239611050672       -1.73232583371695      h
        5.82157717307930       23.71304072287109       -4.37545647023474      h
        2.15657782459848       -6.69958779795429       10.72037847067119      c
        4.83488601030563       -6.98280093249821       10.80419712165382      c
        6.98797656061584       -7.14482006127967       10.97402495813176      n
        1.62524395348505       -5.36122462301895       12.19553963773503      h
        1.57158657261072       -5.83191635384959        8.94697770997768      h
        1.25014361652834       -8.50625289782954       11.10748763913987      h
       -7.95452060434164       10.55493428688066        5.11449062655374      c
      -10.54001359663817       11.06384197855733        4.54393192043506      c
      -12.53874935206767       11.62800459556320        3.93757696148653      n
       -7.17167274054986        9.23775745626452        3.73180173887986      h
       -6.89249110820547       12.30491499157403        4.89968691971653      h
       -7.63430349335882        9.92552690767586        7.05076920422147      h
        1.74750735199123        8.34544609582684       -7.16053674660530      c
        2.91603836793014        6.20875387321255       -5.98905636860343      c
        3.57237726391301        4.37504981968528       -5.03914490168370      n
        1.07153493252443        9.60653087905001       -5.67899944071585      h
        3.06167463595214        9.38972964620254       -8.35329131335109      h
        0.07960528989323        7.83472708482367       -8.25258879892251      h
        4.46040276843010      -14.97366198942006       -5.56588260273876      c
        2.27500737934858      -16.26610490714580       -6.45667563658948      c
        0.52571983473499      -17.30250098674682       -7.20215776321205      n
        4.67224686461049      -13.14368182480132       -6.48121998811945      h
        4.28103528730308      -14.66149523671480       -3.53902668192538      h
        6.09932105058827      -16.16201694854137       -5.93874599646302      h
        8.60626027647806       20.83612997979338       24.98936253668912      c
        8.14818925579136       18.72284563552119       26.59378593693059      c
        7.87249233376428       17.05687751500063       27.95298978816447      n
        8.06083956554635       20.38778112643279       23.04684367277344      h
        7.42422639744672       22.37343495211017       25.67947858024266      h
       10.58136100011268       21.41301260688713       25.06507597906792      h
      -13.04942344249682      -11.18106855327303        1.49440268699300      c
      -11.10411024512387      -10.49726941170898       -0.24126833959999      c
       -9.76346630005476       -9.87998571431688       -1.82745751156321      n
      -14.87255491768005      -11.08056474287071        0.54276440043414      h
      -12.64194137414219      -13.05308247985780        2.26121778401973      h
      -13.10366903218595       -9.82090576303187        3.03972763447903      h
      -11.77749493954234       -9.29669865456984       -9.02679402752204      c
       -9.60042721821729       -8.71615636914620      -10.52069252676051      c
       -7.77156103522437       -8.16629147648501      -11.53368586620555      n
      -11.84816242300790       -8.06427783243072       -7.37957851000933      h
      -13.51509709415650       -9.10000889444552      -10.12045637530659      h
      -11.77787279904786      -11.24295554611772       -8.36332136972917      h
        8.04125465887316       -2.80792267169540       -2.53135533036767      c
        6.52354584359401       -4.61948540641846       -3.85121574842393      c
        5.23058165405442       -5.96727573688781       -4.94089652624040      n
        8.38088614116238       -1.17870010618653       -3.74571435383151      h
        6.93515818645845       -2.13965712685940       -0.92649876969842      h
        9.82687480550760       -3.59594703305935       -1.87847524637179      h
       -6.87632734723629      -12.60283140925753       -5.84576140957120      c
       -7.53553288927133      -15.15864736780424       -5.30729610492331      c
       -8.19932685355042      -17.16857756124345       -4.84719000384278      n
       -7.45442299803178      -12.02618748793687       -7.73770153800346      h
       -7.97639794126076      -11.37593180709848       -4.60285959777422      h
       -4.84499717569557      -12.31821326638650       -5.67768056086170      h
$end
