$coord
        6.65397046453082       -0.42683270414262       -0.41033672295456      c
        5.97748925260380        0.45343705907040        1.95465424933952      c
        3.88106749729298       -0.62884091540825        3.07954555816843      c
        2.42463636618936       -2.36284586895338        1.77979521255428      c
        2.91839254773963       -3.04964933026675       -0.71926156679878      c
        5.21260422663472       -2.19444075339451       -1.69156573246632      c
        1.25403000715123       -4.58570299194588       -2.07210484184524      n
       -1.29802987526526       -4.80959845386363       -1.42739140364503      c
       -3.09578286393156       -5.45740577966830       -3.24276267420260      c
       -5.62383903267656       -5.71297076120415       -2.62667547183170      c
       -6.39819897975100       -5.58005891265639       -0.13385042664879      c
       -4.64740728487812       -5.09016211933007        1.74635493988325      c
       -2.19041634221765       -4.55285350930379        1.04050693996597      c
        8.39830600449898        0.28358301724193       -1.19713161615365      h
        7.08359155532785        1.90351023199255        2.86599550599157      h
        3.20803669958691       -0.10411290069197        4.93197893686771      h
        5.92482895308037       -2.86230149066511       -3.47958519405318      h
       -2.63915384235955       -5.71720170909318       -5.21072989304591      h
       -6.93478536672013       -6.13211404666120       -4.13281965247788      h
       -8.36754579656654       -5.84164588815803        0.32432294208923      h
       -5.12056134936437       -5.07153551731470        3.72811108246981      h
       -0.06755794737501       -3.76656446796928        3.50826371415949      s
        2.25960501277357       -6.18483077426510       -4.05198170850319      c
        0.75083371452533       -6.96366933330057       -5.23983057702155      h
        3.44625492882837       -5.04782887573273       -5.29588862153547      h
        3.69987114156993       -8.38423973643270       -2.82742244115260      c
        2.75136733313883       -8.81050469259295       -1.03547540789951      h
        3.71251351645034      -10.04568067461151       -4.06896767410123      h
        6.22379325064987       -7.68535126641745       -2.28064393608919      o
        7.62036443073373       -9.79124121023668       -1.45833859866862      c
        7.22017252894913      -11.35106728472901       -2.76869075880816      h
        9.62786388727715       -9.32303879359221       -1.73722814355478      h
        7.07430719327172      -10.63631343770786        1.24168277743617      c
        5.08637289093895      -10.30637984879202        1.74739528381757      h
        7.45861615994959      -12.66991203760572        1.37479570809674      h
        8.63763322158814       -9.40464240638916        3.01796407847482      o
        7.86731464683109       -6.89421202085788        3.48045984692050      c
        8.00647637651936       -5.72226595852201        1.78140587312341      h
        5.96424065310905       -6.93098236854969        4.26175334539790      h
        9.23919858718000       -6.17956906603612        4.85740946950293      h
       25.10282560038348      -21.46726434881855      -62.63499065630366      c
       23.59319034302985      -19.50860666766813      -61.56626652888891      c
       22.36108507379093      -18.06049468630151      -60.52998456299682      n
       26.99149092685952      -20.75435772221726      -63.03699027098340      h
       25.22686787627353      -23.04036560318777      -61.30937440557211      h
       24.17194636929407      -22.05365075611361      -64.37635012021994      h
        4.05058800820480        3.24208519640627        8.99874206964825      c
        4.21131088164195        4.84011509055614        6.83384175783326      c
        4.44876816017202        6.10226397437892        5.09044250296819      n
        3.44111787541688        1.33838129972256        8.50839076299690      h
        5.95199237002002        3.06456714809299        9.77835553735890      h
        2.81092693356167        4.10975370838433       10.40219542483091      h
       -7.14698178696524       11.50706847087145       -3.14434119265442      c
       -8.91442300126573       11.24340320410347       -1.12835441631314      c
      -10.35615177909107       10.98556333668886        0.46694724973803      n
       -5.27697339479221       11.84029893200689       -2.35161981081533      h
       -7.09744261220764        9.76888598667913       -4.24599849249980      h
       -7.67686741814423       13.08908391448387       -4.35493951346896      h
        2.65860415837681        4.71928721418929       -0.84028369220833      c
        0.50290833861352        3.17721295741275       -0.32587498046919      c
       -1.23741197371971        1.99996565036781        0.18743590983838      n
        3.89003542966359        4.64801803491034        0.80686338302664      h
        3.66527597569179        4.10253339513543       -2.52448521873112      h
        2.00819078766526        6.65496524517496       -1.10792917948709      h
        1.90263107231803      -14.04991088737150        8.71099562639963      c
        0.51723667129208      -11.96627116756387        7.70176573145385      c
       -0.51221928524798      -10.20663375743361        6.97965855470852      n
        2.30208599061943      -13.71758376490898       10.70407916966242      h
        0.88633051034144      -15.81812135299334        8.42088571871829      h
        3.69186784163647      -14.21031348001039        7.70941237611639      h
       -5.70724928067844        1.50553084972419        5.71490359034008      c
       -3.62448880823317        0.89992288771164        7.32213302858441      c
       -1.88558266241744        0.81090883692275        8.61127312476505      n
       -5.32022095206873        0.77551527899099        3.82977400975557      h
       -7.48229252041192        0.74366402226026        6.43018089648046      h
       -5.80853363470291        3.55862842110125        5.68020049892536      h
       -8.99596417977286      -13.81971783088543       20.78420541965301      c
       -8.68705307678570      -14.00998027030391       18.10535791755785      c
       -8.50677742604608      -14.16895694864133       15.95496129016998      n
       -9.50468287218825      -11.88398436784988       21.26745384102626      h
      -10.44907328389702      -15.15402700636320       21.39179561860819      h
       -7.20475362188515      -14.29089541546937       21.68585848594193      h
       13.21533599303320       29.94689791957607       -5.71909741135282      c
       14.05149041997703       28.89656044916718       -3.38319495239633      c
       14.74045516848647       28.06489198401874       -1.50729575754509      n
       11.24342286187202       29.44092641829836       -6.02838222417460      h
       13.43015941714415       31.99543149152015       -5.65149510803958      h
       14.37311209182712       29.17140225498648       -7.23833759388635      h
       -9.49326511343597       11.01183433092636        6.58088519390968      c
       -8.28216427104687        8.85000699915112        7.67038458125555      c
       -7.11407952196013        7.22071702350849        8.48072409148590      n
       -8.99355272014358       11.18321885364242        4.58970091681839      h
      -11.54499038917709       10.88220736916847        6.67801786369965      h
       -8.83539290181601       12.68327556768017        7.58492437781195      h
       -6.50402341089171       -9.41527574621957       11.38529461080978      c
       -7.21219052507532       -8.56428098222650        8.92944194920826      c
       -7.47493071777406       -7.94861024590050        6.87022431706140      n
       -4.71523924871203      -10.41282500144562       11.13139441576819      h
       -6.19457011790157       -7.80678323422023       12.62875924419476      h
       -7.89136996286966      -10.70235552986782       12.19297156578101      h
      -20.26314543347915      128.23442864107878       -7.92872196688234      c
      -17.63399460019964      127.99921378137084       -8.47656498813742      c
      -15.51665361804450      127.85936855496328       -8.90330731011023      n
      -20.56545921241213      128.53339314134243       -5.91506617620128      h
      -21.07619253202933      129.81391377755548       -8.96554573927352      h
      -21.15566877309762      126.47186479054913       -8.52498832833378      h
       -0.58799497351218       -5.45533946030636       10.56112943751007      c
        1.04108253858730       -3.49257765703796        9.69265805245540      c
        2.67756286894639       -2.14071033319854        9.26221934944114      n
       -1.57334728642510       -6.31993267623499        8.97015755534620      h
        0.64186045422188       -6.85556851169310       11.43681944451657      h
       -2.00043356142387       -4.79708597044190       11.90546378708201      h
      -16.88248800642692       -9.95151239278075       -0.92468390352779      c
      -18.86691226712283       -8.15355064867843       -0.61053074136770      c
      -20.62249670427021       -6.91480721064683       -0.35690031440481      n
      -17.35493332261658      -11.61241988462261        0.20572127507254      h
      -16.83298806687608      -10.52535114057743       -2.90072504617773      h
      -15.01778540623521       -9.27007266814514       -0.37115748859725      h
       -6.25668988309524        0.82240730607926       -2.44405345343356      c
       -6.58598002448076        3.35921784385849       -3.31551484881115      c
       -6.67307240502171        5.43470560081263       -3.93223892428843      n
       -7.34429595308214        0.57901979811064       -0.71197323341155      h
       -6.98274158643706       -0.50394901224722       -3.84185711676448      h
       -4.26180371684152        0.47693418927388       -2.07474817161996      h
       -4.85504868030357        2.68962081964082       13.64936889000166      c
       -6.13634742176502        0.38308049058427       14.17664412829754      c
       -6.88477261053428       -1.58468932793937       14.68419612247176      n
       -6.14856778132604        4.24255600831240       13.26629123712186      h
       -3.64932653886427        3.15573741429104       15.25147223758933      h
       -3.65536842368451        2.44019623458929       11.99533672190739      h
       32.54415632594911      -12.18449376529735       63.28229644559593      c
       33.57095164072179      -12.14139953243015       65.77103277064812      c
       34.57359507840324      -11.95176916478971       67.68352855918194      n
       30.55739026856054      -11.61626193521219       63.32416771711384      h
       33.63444504245097      -10.85685021302535       62.14853988643627      h
       32.69166388378718      -14.08516899121955       62.50433490075700      h
       -7.64106843827487      -12.22725992555879        2.39262263752286      c
       -9.40999101237240      -12.14987153134867        0.36055409101166      c
      -10.86856390514093      -11.88422219836733       -1.21943229758106      n
       -8.64081519742547      -12.16825114547785        4.19166382704447      h
       -6.41769965560650      -13.88660454478870        2.30082162112577      h
       -6.39792804751216      -10.59110357763769        2.25620794882641      h
      -23.88589487820331      -22.21794142118554      -51.92010145296273      c
      -24.35319138969195      -23.30219191022651      -54.35205967254451      c
      -24.77617080869286      -24.16680908021130      -56.28772079518620      n
      -22.83183462477412      -20.46518367997413      -52.15241852069691      h
      -25.68271159328056      -21.77633406357183      -51.00879575532889      h
      -22.84315359127635      -23.54850828700840      -50.74946298510568      h
      -14.30941843776479       -4.17286363283014        3.39355184816837      c
      -12.31653789209610       -2.37600476903966        3.03724233766134      c
      -10.93663299287130       -0.73940903617236        2.73209279376970      n
      -16.05459608712037       -3.09181959688954        3.22010930972881      h
      -14.19778786362678       -5.65583067070418        1.96738909289704      h
      -14.08828140923037       -5.09763006030243        5.21881335696088      h
        2.52161192951196      -33.86716764822673      -18.18776516430910      c
        5.17494225838181      -33.40973434457487      -18.27311727927299      c
        7.30300147532333      -33.02031667392630      -18.38200842098012      n
        1.54706097475372      -32.17261697493338      -17.53592262560944      h
        1.85127251553864      -34.39992792241723      -20.06581053641876      h
        2.10396653753341      -35.39791705233701      -16.87706324810480      h
$end
