$coord
       -0.24036438227995       -5.44370940159216       -7.88495231071995      c
        0.14917620358577       -7.85739744833039       -6.96405483832687      c
        0.30083082769554       -8.08574384042392       -4.36471856137083      c
       -0.01658024722506       -6.06098032803312       -2.74703541215589      c
       -0.56434648141340       -3.64092292024980       -3.64372561525108      c
       -0.68742584296539       -3.43696362854340       -6.26735220153833      c
       -1.16855474271889       -1.65190374091014       -2.01938464043819      n
        0.02489652609761       -1.45703002921344        0.32933684425073      c
        0.49429912630690        0.88122611846111        1.45155002132981      c
        1.26121690600696        0.95207327011006        3.95010214285261      c
        1.88990081250850       -1.15045645965193        5.36982073706357      c
        1.84827160186709       -3.45304463887216        4.13014442943342      c
        0.84777228664675       -3.54155421972305        1.71873536885337      c
       -0.24692412141473       -5.15651643927904       -9.90582349999049      h
        0.44826249480937       -9.53810517022371       -8.07872355787202      h
        0.73834043872069       -9.91618510611227       -3.57865908185887      h
       -0.79870172032118       -1.60845248771348       -7.15868845943404      h
        0.41878049928047        2.61964752391800        0.39273609414466      h
        1.40792664178532        2.76338173262805        4.87766323939464      h
        2.32166737285155       -1.02415704050914        7.35836381387431      h
        2.16926371288474       -5.28834589387193        4.95489439505529      h
        0.31769282673438       -6.62697244422435        0.52969714614903      s
       -2.37670283805106        0.59014857552278       -3.02032560171211      c
       -1.07196510592752        2.19226670602012       -3.17793978023106      h
       -3.14309996787273        0.03505172389808       -4.85136865677487      h
       -4.70516864370934        1.43212920686532       -1.51015099164506      c
       -6.01584325495877       -0.16348411259911       -1.34107803695033      h
       -4.11169436142034        2.07125908189047        0.37167835050026      h
       -5.87559048712608        3.44947181828208       -2.82088976917046      o
       -4.69078009223621        5.79584114896617       -2.43083223730789      c
       -4.10356504789583        5.85121821430618       -0.44026809690456      h
       -2.98944204474918        6.14589110443917       -3.57536743855706      h
       -6.56145635953458        7.94304790218230       -2.86959694611050      c
       -8.38208310441929        7.33494127848088       -2.07460720240144      h
       -5.81087736662611        9.66332550146188       -1.98743377723098      h
       -6.88530780669489        8.60841264318010       -5.43252243513585      o
       -7.85351128037781        6.75133675631580       -7.08279663873311      c
       -9.22846071387381        5.47932341355369       -6.20467131904085      h
       -8.72420194995822        7.73422362915144       -8.66687156370773      h
       -6.34672729324273        5.49881865627945       -7.75329703918313      h
       11.32552505853342       14.57530835499630        3.95212742558678      c
       12.20277396528968       12.16767834381625        3.12070583123521      c
       12.99738339157737       10.24035034086770        2.53504838306209      n
       12.40162631733394       15.95712177384433        2.87069595749160      h
        9.31288092979004       14.71230900436472        3.53047956300882      h
       11.68982750088396       14.81655143043619        5.96503662700501      h
        9.52560716378266       -3.78915076548953        6.24382675888307      c
        7.36371728182947       -5.14713932346356        7.10894175670587      c
        5.70124192132934       -6.30761879944956        7.86940857877674      n
        9.17933977539752       -2.86310228291845        4.43868967915411      h
        9.98340803095715       -2.43896041060461        7.73448189513440      h
       11.12360936829420       -5.07108156872389        5.99416315133898      h
      -19.15394516793999        8.89819730120285        1.46895887482565      c
      -17.05528147846414       10.57848790038214        1.64159931642811      c
      -15.30117986134130       11.78706536846969        2.03213573237521      n
      -18.58707852462070        6.95043167193217        1.12074575276620      h
      -20.14532362579773        9.03803725187884        3.26756801134795      h
      -20.51917932214492        9.49572472736837        0.04481119305625      h
        6.16413177077145        3.29019949715013        0.38791832968419      c
        6.47596543897932        0.71476252328434        1.13592766150319      c
        6.69353751377915       -1.36118888429705        1.70267471901716      n
        4.68380769975443        4.18489094230115        1.50271141452748      h
        7.92433684004198        4.31884668285660        0.65971105307467      h
        5.55515047423960        3.26497818711609       -1.57932003037699      h
      -10.27704782094392        2.72473321399158        1.88519240612624      c
       -9.60703724999408        3.87773593314693        4.23063216737418      c
       -9.11279969354790        4.80657736941352        6.12021544957270      n
      -12.31256666732644        2.41821499302455        1.81379797538535      h
       -9.52865201904680        3.77076744849358        0.27605756233730      h
       -9.43578264169847        0.84800180169956        1.90564527779564      h
       -4.86201164975464       13.75623858106000       -6.89466010820444      c
       -2.50426770919728       12.44248828209095       -6.94890325631003      c
       -0.50617881949828       11.61147176808278       -7.05211476284505      n
       -5.11464108689160       14.56826436379962       -8.76901858296642      h
       -6.43482633716928       12.50016379879357       -6.45720006340033      h
       -4.82445634048943       15.19235122568152       -5.42399953104110      h
       -3.12830077420028      -12.78027591080878       -0.17860922923649      c
       -5.01599015751663      -14.57625976032929        0.54175221424900      c
       -6.61492027497528      -16.03158012759540        0.62802884891448      n
       -1.81482653282597      -13.80857935860603       -1.38557452334499      h
       -4.09693961167016      -11.39036448637157       -1.35799802385968      h
       -2.05901042659746      -11.86382519298591        1.32477297937719      h
       -4.14159506865928        4.46590035956437       10.68764026029538      c
       -2.66442773575936        6.71689681606016       10.78660969325219      c
       -1.43643045849262        8.48062034312279       11.04476595787521      n
       -5.86284349788841        4.88167081713285        9.63666717601471      h
       -3.10067914190233        2.92704967189823        9.79565283614936      h
       -4.58940915413860        3.95497367532670       12.63400770277380      h
       -0.14829793928411        9.45057302774467        2.70922970320403      c
        0.26677895397728        8.39759655852498        0.25032277006835      c
        0.89744007241001        7.58038562126711       -1.64970111539788      n
        1.44744765105665        9.09762918651350        3.96339341333804      h
       -0.50464384262899       11.46968239591961        2.53026191731076      h
       -1.88034420119630        8.75783767654450        3.57798733185976      h
       -7.08429764696667       -7.26844745034318        0.96067946624565      c
       -8.37660607664777       -5.03437514746390        1.73253755782312      c
       -9.43309674054562       -3.21183980090938        2.23318964123785      n
       -5.26742909355539       -6.89378506824788        0.05628167568178      h
       -6.87550106760242       -8.43856585265342        2.63890493059785      h
       -8.27443649050844       -8.36833076585707       -0.30718216409882      h
        7.54149673346772        9.96966478338194       -0.49313996865332      c
        7.95171969177484       12.58244218240344       -1.01563733509700      c
        8.12927352337417       14.70327901019428       -1.40974939808685      n
        6.30152190570607        9.93866753288724        1.14914034654038      h
        6.52719490804559        9.02989430837707       -2.01591561761186      h
        9.30639854907983        8.98712144917298       -0.07065566077167      h
        8.37203613189610      -12.70445375358006        7.46354560421508      c
        9.69078602125031      -11.01806362788724        5.82722135250007      c
       11.16435477495169       -9.84327218243593        4.75981758738660      n
        6.41744856813636      -12.18444924970517        7.86206148968782      h
        8.59532036046819      -14.59200287120094        6.67150946887473      h
        9.29094933003664      -12.63733353802597        9.30381968052181      h
       -8.91199111997570       10.41543253213064        2.96035264560364      c
       -7.15804826415982       11.98719002925801        1.64788888696256      c
       -5.66925473569871       13.19521066318537        0.64535689629154      n
       -9.07091062957568       11.18649970797471        4.86818758103609      h
      -10.78353816497800       10.54101642639958        2.11299198226319      h
       -8.27484908121160        8.47221523924260        3.21691443652166      h
        2.35568410616796        4.49879781044639       -8.29556224468678      c
        3.88555879924824        3.22966172591966       -6.46469859933803      c
        5.27258794155444        2.25752707717167       -5.11314857052485      n
        0.31429895786766        4.48319295034237       -8.02219528300508      h
        2.90055344244789        6.48156008315855       -8.40509952876186      h
        2.69467260899968        3.50122608897516      -10.06339887101566      h
        5.97753805874414      -16.17301781382445       -5.90126716404932      c
        3.72493720642809      -14.95344280283927       -6.72485694305377      c
        1.98329675188205      -13.93595580730931       -7.51306763169130      n
        6.82989867155711      -17.19534725671219       -7.46966499272354      h
        7.36324140660457      -14.83694730779730       -5.17153602645864      h
        5.46271466749767      -17.51987892566871       -4.43218929815275      h
        5.13253824837760       20.21791751389267       21.35663528973671      c
        6.73092431818227       20.88753134602986       23.41740056376630      c
        8.34622050757431       21.54795087970711       24.70330800238234      n
        3.25899062965456       21.08228649299527       21.47732319813511      h
        6.10635814333831       20.88620344606570       19.67085963808666      h
        4.98734956413018       18.16989370273034       21.20149769216589      h
      -13.88743695713455      -16.53542503846967       -6.18861506115854      c
      -15.22651737885630      -14.25612364294988       -5.66323197523503      c
      -15.88237969403401      -12.26000977833534       -5.13433169844058      n
      -12.47593923906535      -16.13190609885936       -7.63235031300184      h
      -12.97526089829094      -17.08734652940474       -4.42175324542349      h
      -15.10960622508943      -18.07756153735718       -6.79617731520803      h
      -11.65902081644455       -8.29178526377573       -7.51957480237454      c
       -9.38017449738291       -8.54207946883938       -6.08688565275481      c
       -7.37261583705800       -8.52974998605828       -5.28512843860254      n
      -11.14257049961504       -8.49419547270743       -9.50186719119184      h
      -13.07239301106681       -9.73538944092394       -7.10432613036215      h
      -12.49074212736628       -6.43248888739351       -7.23785039085729      h
        7.45005481253933       -6.54378245542906       -2.77703009735747      c
        7.75135264231241       -8.66848333161607       -4.42690794661454      c
        7.89532159616113      -10.41031910226294       -5.70008525410312      n
        7.78831116825421       -4.84185586540235       -3.88762096242520      h
        5.50057319026123       -6.51830984013079       -2.11034773273682      h
        8.85261283571115       -6.70613868151796       -1.27965053501035      h
       -4.99200476013392      -12.70408255575372       -9.87201102443457      c
       -7.20018543285826      -14.23326754225547       -9.66652759788729      c
       -9.07645106648318      -15.24756521048879       -9.28841789679781      n
       -5.65805035919354      -10.79188951118751      -10.25417756316209      h
       -3.84805509785605      -12.85274505630672       -8.16042652740053      h
       -3.77206799243237      -13.20263247314701      -11.45275869166136      h
$end
