$coord
        1.92556230842693       -3.80837860304398       -9.71570654120529      c
        1.90213410095456       -6.05390383573444       -8.38050934896950      c
        0.91813188506079       -6.22944664326538       -5.96542868480988      c
       -0.16090399948588       -4.06838549798493       -4.97405988964378      c
        0.04383669063138       -1.71249304700551       -6.14394490775098      c
        1.18767470942361       -1.60463881140820       -8.51463391746103      c
       -0.66069034626204        0.48617467460448       -4.86752399222871      n
       -0.19239579715528        0.58534836105878       -2.26951340003223      c
        0.85684195047200        2.74979873601555       -1.19183175347314      c
        1.55641242047885        2.73129139439219        1.32733547743982      c
        1.19574495051662        0.59000081023135        2.78207573504390      c
        0.20827262122906       -1.59966480069085        1.74732669351293      c
       -0.54434988188355       -1.54317259470203       -0.75349206631374      c
        2.58685012021220       -3.83102385163440      -11.64667231101855      h
        2.51440673393913       -7.81238431690361       -9.21092250962036      h
        0.83098080713360       -7.99938374714714       -4.95570262128482      h
        1.15369023806286        0.16104633206262       -9.53026999854496      h
        1.18891760135849        4.46020021413120       -2.24689171415383      h
        2.24333463017646        4.43275334035699        2.21946596648366      h
        1.71447647148519        0.58016363619064        4.75374972250772      h
        0.03983516528460       -3.30622148503719        2.84772310094871      h
       -2.00189284301471       -4.19518837437289       -2.18771051108642      s
       -2.00274517033565        2.52837103145010       -6.09903773665880      c
       -2.31299950003557        4.03039335073519       -4.70561157272913      h
       -0.86692999837828        3.27606931333310       -7.64793635665482      h
       -4.67016636938301        1.90950596254808       -7.05464326633913      c
       -5.75464969492466        0.78310352521894       -5.69539754257393      h
       -5.81073119917770        3.62969527194316       -7.25968230061972      h
       -4.20756612546609        0.61322976104196       -9.34882365774747      o
       -6.25897070232600        0.24157652789472      -10.99654412068673      c
       -7.21463167344113        2.05442815947632      -11.32898177745463      h
       -5.29546550053646       -0.32095151428023      -12.75218271604629      h
       -8.33842866014239       -1.67580476181500      -10.44704926075278      c
       -9.34533832058369       -1.89665269435095      -12.25089050355668      h
       -7.65855743553701       -3.53547115319418       -9.83032263495956      h
      -10.00059440167365       -0.73283035098078       -8.58581811734145      o
      -12.01576431687169       -2.41173712835960       -8.10632253980011      c
      -13.05541639187244       -1.52228787692224       -6.55467452624117      h
      -13.25305731350031       -2.65554982426177       -9.73209116560416      h
      -11.35185097038689       -4.27518939714969       -7.49351337527998      h
       23.09021982518208       -2.48158720729387      -16.21137548368208      c
       23.48565903759184       -0.02561947913433      -15.17727677938792      c
       23.57642909301074        1.95690450545734      -14.31104848069680      n
       21.33057641707785       -3.28359747601329      -15.50615858862714      h
       23.00378498634269       -2.21963288409029      -18.25372742154659      h
       24.59148937584616       -3.78603567525403      -15.67535134729485      h
        8.83201829052110       -0.33821632569086        7.56666053986851      c
        7.25707146746906        1.80412391593920        8.00965663284153      c
        5.98730361063463        3.51145368562424        8.41160361096515      n
        7.83339583373363       -1.68113258819230        6.36861384893671      h
       10.57864801286711        0.31782700197955        6.68714923870226      h
        9.11626520945326       -1.29332363134414        9.37394116849322      h
       -5.03516416135881       11.44287604124446        0.52580381771754      c
       -3.91949798688522       11.09388107357679        2.95295482269652      c
       -2.83069463448878       10.70853736980953        4.78491228986644      n
       -5.40543395490319        9.60745193338203       -0.32888895779695      h
       -6.78537546358247       12.52632286554165        0.54267571683292      h
       -3.68688192349147       12.47342903413475       -0.64432244735521      h
        3.86316712109008       -7.88345786150477        0.07444371745307      c
        5.22917168522555       -6.51105724452994        1.95598082332136      c
        6.20983613108475       -5.44252737382283        3.56055405057137      n
        4.25880661339826       -7.15661436204127       -1.80963793648002      h
        4.45546951169524       -9.85281376330298        0.10796107372806      h
        1.84079559714286       -7.73736099036884        0.43526253995762      h
        1.75863265417791       -0.69948937935000       11.99670887346963      c
        0.40735405186244        0.52623037513211       10.00897792296248      c
       -0.58522659391359        1.50637161934226        8.35620783631386      n
        0.88689407882725       -2.55149384518106       12.22592247099685      h
        3.75656094115296       -0.83077737291123       11.51230732062882      h
        1.56009085307692        0.30706053173822       13.77932062182028      h
        2.72689981747342        8.22996833358390        6.31350292021521      c
        3.51645846345926        8.98047609710425        3.84344747593114      c
        4.10030308802411        9.64638148807758        1.86625357107162      n
        0.68522378333462        7.97003625091625        6.29297293537793      h
        3.63480722315367        6.46427785596506        6.86203046770033      h
        3.18429480934339        9.71405575234629        7.66070254068789      h
       -5.59512017966391      -15.85586381856331        5.40001820559185      c
       -6.94178418767018      -13.51458970904506        5.51307305300962      c
       -8.21542905023044      -11.77771898137813        5.30549803275824      n
       -5.81523770074507      -16.59392555599158        3.49051540817432      h
       -3.57817366491465      -15.69722910025513        5.80969451306737      h
       -6.52559138066913      -17.15490132191997        6.70007464276043      h
      -12.13463618982999        3.32620863376903       12.47901903807379      c
       -9.57435415050054        2.53013587377570       12.74364587928193      c
       -7.48619225160047        1.96887476628069       12.84318734324504      n
      -13.02644144122041        2.20241509359669       11.00190119407754      h
      -13.13189707547572        3.03291731082457       14.25853017773770      h
      -12.15769065855209        5.34155256114721       12.04567494983503      h
       -5.34779151479808       -0.19261686677677        4.96872291700571      c
       -6.91551328246960       -2.02837102537630        3.74417128223219      c
       -8.13954956116867       -3.25729342921348        2.45299242498781      n
       -3.68041216042767       -1.04885520295825        5.82347548719477      h
       -4.69319890535324        1.12477083194354        3.52934364843514      h
       -6.24863490555049        0.94216046174682        6.43001273684321      h
       -2.75991725285065       -5.63424255434351      -15.38580773720255      c
       -3.93841669985648       -5.77395831410409      -17.80417983539850      c
       -5.12174964574279       -6.17596264082835      -19.57239243049168      n
       -3.69787298076073       -6.95579148190241      -14.10789299471874      h
       -0.78770979171081       -6.16395018819958      -15.62875083555757      h
       -2.87514244516653       -3.72386694776269      -14.63027144741286      h
       -0.25987968405205       44.63218805191711       -2.92447926829470      c
        1.64574193659727       46.40327846922085       -3.63140011460632      c
        3.11372892789055       47.90440357319002       -4.15717206807147      n
       -0.14070362289612       43.06365209314386       -4.25153429698645      h
        0.10436724078710       44.08138832602724       -0.97646328901951      h
       -2.13724364569720       45.46501240453096       -3.12614970729079      h
        6.69358268567942        6.62289294701045       16.18046990326027      c
        7.19064318179570        4.05412761495386       15.53630725649911      c
        7.49171754628572        2.03635992780950       14.80908074589065      n
        5.73058476725369        6.82569129010969       17.99186162803223      h
        8.40823927080937        7.75782563967375       16.28955398110718      h
        5.38204592412811        7.22174468917170       14.71187765931049      h
      -13.26993171023232        5.07784875318065       -6.75733707189446      c
      -11.93404802373587        7.41967849845533       -6.73395953373235      c
      -10.79806952295447        9.25779535781004       -6.62547141540189      n
      -14.19462036728142        4.84305550088557       -8.58748929432121      h
      -12.03087613151744        3.45882704523715       -6.47451251143949      h
      -14.77407224020029        5.08895400805926       -5.34832844277953      h
        4.52022673448170        7.17272253053499       -3.26913969308900      c
        2.18875974672237        8.09930448612771       -4.27362574575156      c
        0.17902416095977        8.61798694102447       -4.89613235904132      n
        6.11477221280825        8.21109430677480       -4.05745124505045      h
        4.59936983052677        7.61470763564533       -1.25950968298258      h
        4.65692006629651        5.16077980405750       -3.67988326313326      h
       -7.60545806286531       -6.11308821911903        9.30883622254517      c
       -5.00242285352667       -5.49900273639926        9.60376104383286      c
       -2.88548823078879       -5.11959271048920        9.85773581415152      n
       -8.13943744922109       -6.95934192511940       11.10613100445705      h
       -8.69764256321587       -4.39820231301847        8.98624508074467      h
       -7.78614470160750       -7.45436031232475        7.75783355800602      h
       14.71457868359442       13.77213078067561       33.88465673317788      c
       13.24844263342109       12.73513474987988       35.89091158774612      c
       12.16425573132324       11.88957785385320       37.56675942615974      n
       13.62882174560560       15.22850634293833       32.89876521980322      h
       16.42013500866347       14.59060742622320       34.69579446831771      h
       15.26013275385153       12.28880711283086       32.56493304537852      h
       -4.16252062185746      -11.53086994365713       -0.82519399414350      c
       -1.60560314404099      -11.25243958860195       -1.63081683608161      c
        0.41097126916186      -11.11169001523403       -2.41054668249108      n
       -5.19047497263749      -12.73042755559998       -2.14576061817126      h
       -4.32144149942394      -12.28101199666007        1.09066461895295      h
       -5.06152510769159       -9.68179323034285       -0.70805802183401      h
      -13.91424776605779      -12.00016316004000      -19.55739771249419      c
      -14.01730358422626      -13.35295956244200      -17.21908478937681      c
      -13.89578488391834      -14.59120884180221      -15.45125268511018      n
      -13.05656720693563      -10.14799419383603      -19.29088670647209      h
      -12.71734707439463      -13.08666058413125      -20.83841196774607      h
      -15.78379692658419      -11.78673846318295      -20.38646214512936      h
        1.67855173825942       -7.15399999839046        7.56652883151753      c
       -0.33521508642133       -7.68509142040917        5.83739141932661      c
       -1.82316184462606       -8.09672583780562        4.32336667744022      n
        1.09298405055969       -5.59169240401224        8.77511851096360      h
        2.11491456891293       -8.80706218264431        8.71655740509316      h
        3.33843537880016       -6.57696145940278        6.49532066750992      h
      -16.46521646122710      -24.85990165964500      -11.32125005268944      c
      -14.01034695069349      -25.96779207870502      -11.26752342493000      c
      -12.03283166067016      -26.84075070194589      -11.40722293672606      n
      -17.05758227543719      -24.46256297711343      -13.25447920531366      h
      -17.86291108929872      -26.13275005164753      -10.49266719200520      h
      -16.51509381274117      -23.10192611288638      -10.25232762726727      h
$end
