$coord
        0.73181779504103       -1.63260714156173      -11.36848392732638      c
       -0.27625795314315       -3.98307319328635      -10.83483952863030      c
       -1.31765270798380       -4.60345446049436       -8.51917246687490      c
       -1.35295289335007       -2.79953036141668       -6.63186571515869      c
       -0.22760910661732       -0.45610854158177       -7.08214709565519      c
        0.83753045363949        0.11347172999780       -9.42334752574089      c
       -0.08880385704187        1.27087385588821       -5.09267174461671      n
        0.22807232497771        0.44670221722255       -2.60286780523556      c
        1.75204013812683        1.84899814222877       -0.97245977124487      c
        2.16602374905728        1.00505061344783        1.46727681982075      c
        0.99362012878455       -1.17982239097016        2.29388134382922      c
       -0.59028108796288       -2.54051969752008        0.71901561097692      c
       -1.04438173130145       -1.68139806110358       -1.70573763712243      c
        1.64202419752151       -1.29499459105679      -13.16402982899609      h
       -0.30489516185282       -5.45537917102955      -12.24487933989460      h
       -2.09322139096117       -6.46044991195066       -8.18769061002675      h
        1.84901897674854        1.82897417884353       -9.85259991790676      h
        2.66264453281310        3.56427709440355       -1.58688341418132      h
        3.44430937163831        1.91958850935971        2.76817567247159      h
        1.41053038613947       -1.75803037967792        4.20399617847404      h
       -1.61541453422165       -4.19380712622757        1.32508571440648      h
       -3.04351318027031       -3.35946303142619       -3.80387308672771      s
        0.18359740862344        3.91591030689924       -5.73910979963743      c
        0.67072350170435        5.05812301028709       -4.08018743680287      h
        1.65051466879915        4.16733348525904       -7.16499749381233      h
       -2.37208262769398        4.98582646742490       -6.59648396446932      c
       -3.67914586374199        4.49525306296981       -5.06568062906132      h
       -2.29890660263109        7.05729397666097       -6.67163695369931      h
       -3.16478614373851        4.11270104534717       -8.99791431291268      o
       -5.68736946427854        3.31595626247967       -9.24919247122462      c
       -7.02729449116477        4.73325551245467       -8.53778718640466      h
       -5.94362549843948        3.25289373393412      -11.31253997200417      h
       -6.21015349317824        0.74227074532300       -8.06374710324668      c
       -5.08388002434392       -0.72354262940266       -9.01210532957231      h
       -5.82746787156549        0.76446531394877       -6.02561197160988      h
       -8.82420790364129        0.33455244478533       -8.40530586254784      o
       -9.74140355257654       -1.94351518596902       -7.36669439809864      c
      -11.79174260455950       -2.02037709741445       -7.63091018934282      h
       -8.98477483416561       -3.57165455362270       -8.37175031531684      h
       -9.17647948105162       -2.02789185949321       -5.37608852748375      h
       22.45905443332404        1.59905221514717      -12.59361575934788      c
       23.02421347099732        1.33077483147854       -9.97328519046117      c
       23.30609740507765        1.05552010214976       -7.84402045830946      n
       20.43298394086440        1.71057738564634      -12.93929879308908      h
       23.36793814062726        3.35294019720633      -13.18106774878731      h
       23.28482755874283        0.04386613328357      -13.66235938633157      h
        5.63952356239731        4.11897877639100        9.05320903813878      c
        6.78725633763765        2.96185509398300       11.20032314898327      c
        7.67347888376688        2.06351295340074       12.95999292570607      n
        7.12798381160020        4.88186474945671        7.85384343433562      h
        4.53271757107292        2.64063632272053        8.13444222828631      h
        4.43586054877039        5.68708591911751        9.64610437915051      h
       -9.70561488537202       12.27963933319699        0.43790786700876      c
       -7.27146692001333       13.43299126549274        0.48558914531703      c
       -5.51500815406926       14.69308633737291        0.35496110428349      n
      -11.16338518957861       13.70882204468793        0.70005979547683      h
       -9.97010031396251       11.33884705758519       -1.37381469362336      h
       -9.92910360343375       10.83862397214988        1.89483183978228      h
        7.56855430755157        1.43862893229130       -1.93356769999333      c
        8.07359606768526        2.59904870105720        0.45138357503299      c
        8.65087064310366        3.38067791264328        2.38371996441849      n
        9.18990303145320        0.29845993690503       -2.48659458608083      h
        5.96411616805817        0.16124494145128       -1.77743762755341      h
        7.18105798347168        2.86021047403009       -3.37248174131540      h
       -1.23982649691173       -4.27876915708926       10.63754478091606      c
       -0.20631500281159       -2.25311820478858        9.18564625821787      c
        0.71457395299071       -0.62953766351004        8.09317570330352      n
        0.22533938192084       -4.89076345738489       11.94946683744780      h
       -2.85926138697408       -3.54598985572858       11.67872870985906      h
       -1.84535820305347       -5.82654919763312        9.42594479964952      h
       -1.46223630516877       10.64535576360501        0.85968253412046      c
       -1.03050833102247       10.69102367405524       -1.80478064909061      c
       -0.60844864423855       10.59882482770140       -3.92774208686968      n
       -2.12494692430119       12.48068987043637        1.51450353855199      h
       -2.96717134396004        9.27736201951991        1.18618649359908      h
        0.21314901471501       10.08841440544903        1.91304515734739      h
       -9.12293988090354      -18.44030724477685        5.37151869812090      c
       -6.47747649866987      -18.69340860698422        4.87622787588227      c
       -4.31935993431774      -18.56635645302726        4.78474457451558      n
      -10.40377480141558      -18.93437082922821        3.83699894731808      h
       -9.48884148925005      -19.62964443455122        7.01853598890684      h
       -9.39709886581556      -16.47016271050682        5.90704572444981      h
       -9.86605552616855        3.05850819093436       12.17608650247839      c
       -7.54503564632995        1.81790134911326       11.59940226771577      c
       -5.62356636773018        0.92970554770088       11.14728869835112      n
      -11.27689753441158        2.74187148814014       10.71001294408740      h
      -10.63491796008597        2.35269518452980       13.95313110744537      h
       -9.46314241234897        5.06984177102452       12.38133758109596      h
       -3.01115221738020        3.04500556273864        5.66121204748585      c
       -1.68867441798620        5.40668703686134        5.68922388013223      c
       -0.25036810214091        7.02059224155177        5.73658271976707      n
       -4.93101279135988        3.05964825191333        4.91433794557557      h
       -1.93246465919294        1.75520384932521        4.47434255012828      h
       -3.13486027344026        2.19282729997338        7.53019435422130      h
       -7.63020112968665       -4.92992039785501      -14.76643802000595      c
       -6.65672264807888       -6.34130522843345      -12.68864169906626      c
       -6.03633020690846       -7.51625983859227      -10.97894728076323      n
       -9.68729837742026       -5.09300511153832      -14.79919308127232      h
       -7.06875644027212       -2.95600224341122      -14.63361943521874      h
       -6.95319304191736       -5.84967525075799      -16.47797474120386      h
        3.21703343105282       35.60638119603010       -3.65151170903381      c
        3.54143241555218       38.09652463831061       -2.67077573741682      c
        3.68673174234725       40.13502415363397       -1.95788979767403      n
        3.70670209717623       35.48826952198085       -5.64697087087193      h
        4.19636089097944       34.18309820346769       -2.53526547046325      h
        1.19562210503642       35.24792965301425       -3.44134140875856      h
        7.61412723843657       -2.83654101914741       16.53154330084818      c
        5.92462402880774       -4.77037538169300       15.71518948885948      c
        4.59241801251991       -6.25716396654892       14.87520291511104      n
        8.69781017554531       -3.37639493425096       18.20002200361764      h
        8.73031485736680       -2.38754055167278       14.86045307665329      h
        6.55227891443797       -1.14445721167729       17.02636224783616      h
      -12.11897075234982        3.02005270826331       -4.01616726175370      c
      -12.47535837294519        5.67218765781931       -3.68682494406602      c
      -12.48636443335323        7.81122264230619       -3.36232746106156      n
      -10.31063339526492        2.44602136634950       -3.20373993421971      h
      -13.56629575780426        1.91906967732891       -3.05202700011425      h
      -12.15311779251243        2.54243696186055       -6.02080801658607      h
        4.76625992251016        8.24282823358886       -8.34602131194920      c
        6.15062214997526        6.04662399092762       -7.59534640686731      c
        7.16402489033316        4.29473375074702       -6.82108639273578      n
        4.24034097472707        8.13796848349860      -10.33464898556554      h
        3.21073395925965        8.54641834739423       -7.03133531873081      h
        6.03218488272695        9.85515250019090       -8.16394073542509      h
       -2.23654735165262      -12.50798831652134        6.42347399052340      c
       -4.66044896013054      -12.52346584116490        5.25542631598089      c
       -6.64582759643520      -12.47135354595579        4.39204729848081      n
       -2.59999434582423      -12.32803787738561        8.44017227607395      h
       -1.24127994526333      -14.24852478687369        5.95684642632561      h
       -1.16501700824876      -10.89816531010659        5.71809440049924      h
       10.63203331790899       16.93823809279213       31.61086314329695      c
       11.82014913025442       14.88307840145525       32.88156125321140      c
       12.80235836669996       13.39337734959435       34.11239409017205      n
       10.62009563823077       18.46530348712033       33.00363331677870      h
       11.73695088972327       17.53115169006690       29.97856983377181      h
        8.71681182368246       16.45394382502893       31.03040242148550      h
       -8.41754936859266      -12.76663539575284       -1.08835875937517      c
      -10.58707390309769      -14.35083527263202       -0.86960625377083      c
      -12.44327681673909      -15.46799806412536       -0.84097968460983      n
       -8.78362716530017      -11.24597720196090       -2.42742952844043      h
       -7.95637718774501      -11.86221167824986        0.70825503585637      h
       -6.77806777726654      -13.77643234989600       -1.81871813419420      h
      -14.53335306601603      -11.36351937327037      -12.18001714983402      c
      -13.20584787037446      -12.07527259834109      -14.42490539573255      c
      -12.47719670502393      -12.58752294085767      -16.39465804189433      n
      -15.48366622743738      -12.98852327746587      -11.34728601448791      h
      -13.26442160086956      -10.57944012411707      -10.75556002228416      h
      -15.96229936657740       -9.97936282837770      -12.69995476883930      h
        5.93366787027082       -4.04595053805260        7.56830599597676      c
        3.69896356297546       -5.56091024436259        7.37279420559654      c
        1.86051081230671       -6.68943632608682        7.22373135204873      n
        6.22711882532196       -3.06722652423560        5.77934836893501      h
        5.60170745122711       -2.67890073353116        9.07381917664725      h
        7.53521663132271       -5.25682499597483        8.02052134221462      h
      -13.48155255208792      -22.30504648974549       -9.64850256022320      c
      -11.98491779423856      -24.53444581280571       -9.86426888024815      c
      -10.79972743029466      -26.30652766572704      -10.24792125092361      n
      -12.70181347399649      -20.83640084484564      -10.86556343908296      h
      -15.42104797804061      -22.66253465148738      -10.25743816133928      h
      -13.67577671583605      -21.64709576890816       -7.70815755277430      h
$end
