$coord
        6.53912522472117       -3.64656746941526       -1.31179830658407      c
        5.06172711243986       -1.52256138708453       -0.94906289785114      c
        2.78449149086999       -1.75657828431793        0.31233485218043      c
        2.15155504868906       -4.01911175042504        1.45147909132439      c
        3.57419612038788       -6.21361036397908        1.10356066595529      c
        5.70141815749593       -5.96268135669905       -0.43010336946942      c
        2.79759494035117       -8.60394262968224        1.90540274798425      n
        0.24765946278638       -8.95903134040088        2.49746299318897      c
       -0.73422753600943      -11.37083910424155        2.08975689969434      c
       -3.23879644510984      -11.93690427675680        2.58235178376695      c
       -4.85238464772237      -10.05685948278157        3.41496231946032      c
       -3.87493685078037       -7.65592954466653        3.76219989534352      c
       -1.37343626349671       -7.04828320395836        3.31836744296046      c
        8.21515348554258       -3.50298028407183       -2.46797959431005      h
        5.63132818203543        0.24958117410352       -1.78079769369563      h
        1.54952721051520       -0.15270512589645        0.56188144425914      h
        6.70610498212753       -7.67164472671675       -0.89953302896760      h
        0.54037918290714      -12.79133723587688        1.37809564614636      h
       -3.89508955012130      -13.81003271340037        2.10969872664141      h
       -6.84510054950843      -10.34370041404230        3.73665021165648      h
       -5.03687416844576       -6.10495043673880        4.39144120513687      h
       -0.42440665614027       -3.84691651822692        3.57370243239910      s
        4.67768024305369      -10.12198381595609        3.18958863126309      c
        3.87467777545807      -11.98855900693815        3.59585130152630      h
        6.36855214957485      -10.43132246498022        2.05227708420161      h
        5.46644690056831       -8.88646928325865        5.69211989345309      c
        3.76099343202401       -8.60456073375119        6.83421949420855      h
        6.80270716901145      -10.14596532814699        6.65651534978362      h
        6.71267550830131       -6.55741521216702        5.26783692785255      o
        8.34216219187728       -5.67820341429989        7.17391388044081      c
        8.92872474396109       -7.22378462013400        8.42984255429402      h
       10.09131139888252       -4.95202940641028        6.31356783855749      h
        7.04183605229049       -3.65999783820237        8.76716188105406      c
        5.02671808446564       -4.13131329242570        8.95058876300687      h
        7.88311179480543       -3.63779174056183       10.66260317903765      h
        7.36558708872179       -1.18958955201479        7.81403795064520      o
        5.89754823829554       -0.79411185796009        5.62360121560365      c
        6.23963166263286       -2.25991899489225        4.20444782923895      h
        3.88523466708800       -0.71960983106068        6.04610062855620      h
        6.59495198403650        1.00306595195073        4.86693068175918      h
       23.89358425199696      -26.16201456450722      -76.65235760988220      c
       23.70619875112824      -25.36879694209458      -74.08463444329041      c
       23.70517014888218      -24.72781976191764      -72.01626812796677      n
       23.08027731989526      -24.71939009204366      -77.87475800645102      h
       25.87033721543698      -26.46751600133848      -77.14875370226638      h
       22.85523091767240      -27.92937011722475      -76.85482895965806      h
        9.46923413162516        1.12049757104078       12.85865626481720      c
        7.73320084422547        2.65655777475892       14.23453133920854      c
        6.29452536778365        3.86219287315458       15.31411626357843      n
       10.88744267032532        0.35862755805603       14.14092979141606      h
        8.35485998128757       -0.33204389322686       11.90842370839480      h
       10.36910175832866        2.35026918606601       11.46682668612375      h
      -19.49212361356742        3.65200247821854      -18.32373793505750      c
      -21.99686846393184        4.64353698661225      -18.34987324696695      c
      -24.06555487610424        5.27762025804301      -18.25753904567759      n
      -18.25778706956738        4.75101374029052      -19.55050957568004      h
      -18.73500544893912        3.70420151651667      -16.41025194616665      h
      -19.58239709012010        1.68484462897922      -18.93303313110294      h
       -1.09217829075557        0.20271376330060       -5.16514209914442      c
       -3.27618034030891       -0.03867056339681       -3.59622449205254      c
       -5.03268925103314       -0.05214305205542       -2.33423835101597      n
       -1.61476402371089       -0.17258202391387       -7.11979116818056      h
       -0.44288146438023        2.15045940076983       -5.04263183012987      h
        0.40260837334919       -1.09235797923555       -4.59075276271778      h
       -0.39348748784017       -9.02941848976995       -9.26139740902008      c
        0.30216342958859       -7.38378987794690       -7.23966711488172      c
        0.78380702982672       -5.97048608705324       -5.67501571815237      n
       -2.39585050073237       -8.75493081928707       -9.65836899724552      h
        0.68494847780490       -8.56652084178774      -10.95441261185755      h
       -0.05910134902805      -10.98756915720983       -8.72838888241935      h
        0.96323767787442        1.51479194309425       11.22487509864132      c
       -1.73297475429214        1.37988294330277       11.23363516703581      c
       -3.86091527545124        1.60297609711344       11.57378051230176      n
        1.68699694976576        0.27250225104281       12.69773491329718      h
        1.84768890654173        1.02611707740776        9.42994220570407      h
        1.41463987995929        3.45130937461321       11.74718607104607      h
       -6.85811569905884       -8.26658734343291       18.90149553930225      c
       -8.27224086531091       -5.99206859105306       19.26846183765840      c
       -9.55788185356428       -4.31545030096794       19.73542747692973      n
       -7.51496434462598       -9.57200851231207       20.35194830080355      h
       -7.23958673039346       -9.08240472384430       17.04407939094184      h
       -4.83163915042428       -7.96996162971513       19.12246570617182      h
       25.92028992251737       30.91078586145876       -9.97131639528993      c
       24.01851233861139       31.20020076784196       -8.08497486775073      c
       22.49627854685855       31.42099507737579       -6.56201826758896      n
       27.59798804396095       31.95954814312369       -9.40076197873128      h
       26.40868540101568       28.91261863178142      -10.09783338690577      h
       25.22364081967252       31.59762713277324      -11.78594000598290      h
      -12.92445387915895        1.40000030635376       18.61188096271484      c
      -13.06475494246331        2.73942279326176       16.26378927134640      c
      -13.12355330979877        3.89395930242687       14.43642884476867      n
      -11.04712147292050        1.72807913375286       19.39411320154900      h
      -14.35513941984899        2.06896656019702       19.93151634673173      h
      -13.17316252405807       -0.61856377290915       18.29859290769860      h
       -9.11053301971537       -1.83722538647304       13.33164901737550      c
      -11.73194569170103       -2.32103781360658       12.94302814305852      c
      -13.73667821958947       -2.86755104140302       12.33406927380627      n
       -8.50061167474529       -0.32422179413452       12.06747549802400      h
       -8.72000498947202       -1.29385767826387       15.27624491047237      h
       -8.11078893426371       -3.57326764724790       12.86227078954570      h
      -25.84294940598151      152.28860031094484       -8.76175083094302      c
      -23.55614403682238      152.78916099834495      -10.09885677742401      c
      -21.79491734310198      153.19616920840880      -11.28932869296469      n
      -27.23448956137251      151.53713093831803      -10.07875227916992      h
      -25.45530772102919      150.96303043253303       -7.23747367853888      h
      -26.54805977247695      154.06681322297320       -7.98745048655981      h
        2.14529878095758       -2.85187694164793       18.53210472498308      c
        3.92759664862810       -3.01924368361304       16.51816017062272      c
        5.35139861544254       -3.08004608394392       14.88721515702524      n
        0.60827981013848       -4.16867105048352       18.14062279984906      h
        3.02640604100785       -3.26904051353132       20.34584211182427      h
        1.36793638313218       -0.94910121223685       18.63538827154700      h
       -4.46687478601587       -6.50597795633667       -2.72784691578455      c
       -4.08906466856917       -8.99437501836221       -3.69451017972267      c
       -3.90499393898686      -11.08015784464186       -4.23904519495003      n
       -3.50654821286887       -5.06093893293965       -3.84555404863273      h
       -6.49335855277941       -6.15099801714174       -2.78975439309026      h
       -3.81841137329296       -6.40871352906655       -0.77390162201448      h
      -15.53686710307504       -5.96692909649786       -6.28459573999331      c
      -13.03062068387167       -6.87131301720576       -6.73637364519697      c
      -10.97567123778097       -7.53034488323439       -6.93244218132240      n
      -16.75529934546938       -7.55064770577940       -5.78511143752902      h
      -15.45874031991019       -4.68294261662713       -4.67664606243095      h
      -16.32138147350593       -4.99950592821193       -7.92286876301850      h
       -7.58974173847806        5.86320848136836       13.39734322778419      c
       -6.93648314818171        5.35724411967939       15.95803204336873      c
       -6.27580605526486        4.89816128293649       17.96865783564571      n
       -7.01493094128411        7.78053580975855       12.92300546173821      h
       -6.57236038354263        4.53009028791704       12.20340153765208      h
       -9.61234102111785        5.61859604119157       13.10319249972825      h
       37.84914357711798      -19.17969294508042       72.93084430704722      c
       39.41295325639368      -20.26689380171804       74.83412248201566      c
       40.73408715766587      -20.98915363666926       76.39355815761780      n
       38.42700305006515      -19.93043091468976       71.09390366745014      h
       35.86365818065357      -19.61421770448723       73.25612387379995      h
       38.15757828366591      -17.14498173561424       72.99692974546475      h
      -13.68455996366713       -9.07085254992776       10.24940530313266      c
      -11.31784922517671       -8.83476694384203       11.51720752798659      c
       -9.40276139179602       -8.59263727537900       12.50116548128399      n
      -13.54321710162288      -10.42711949211566        8.70665224543637      h
      -15.11805844124643       -9.67305599000324       11.60620901108939      h
      -14.23437121412552       -7.22937387028382        9.50935229518910      h
      -30.14336081016144      -20.59449385341797      -69.09689400377825      c
      -30.97621453821597      -19.57546917734440      -66.73546873253927      c
      -31.59074925805845      -18.87205958879581      -64.78589943392932      n
      -28.27661882228191      -19.85578655107794      -69.55160249210144      h
      -30.03315737715062      -22.64734541106280      -68.93045745116137      h
      -31.49251261203760      -20.14123842110593      -70.58096304761958      h
      -14.64450978267441        0.32821546258128       -1.13458287292204      c
      -16.13413653859469       -1.84514664974551       -0.51430844195310      c
      -17.20887942603002       -3.64690307046652        0.00942898670652      n
      -15.32642858860230        1.82975630849707        0.10022293357619      h
      -12.66726233190112        0.02752708003907       -0.63892992978437      h
      -14.92948966372465        0.90526730336035       -3.08944137079302      h
       13.96682583646886      -42.71491033726236      -15.93838895115056      c
       13.09646983605385      -45.04913193066506      -16.96336799013393      c
       12.38839724396743      -46.96273272589460      -17.69062628991227      n
       15.39595962010573      -43.11442532628619      -14.50866357715380      h
       14.82286188045583      -41.55245431461559      -17.41356390558513      h
       12.37919117391592      -41.72066374814229      -15.08606810601683      h
$end
