$coord
        1.40501475035217       -3.97990856214240      -10.40654284854064      c
        0.14709680652866       -6.10772767061900       -9.56054505077977      c
       -0.22289463919537       -6.45142689662524       -6.99604365366322      c
        0.41131340032421       -4.53190106579417       -5.34361618979460      c
        1.62668955639516       -2.32812071852742       -6.13544442627873      c
        2.27186968539130       -2.20936305462745       -8.68687609267078      c
        2.20443830810180       -0.35010433901265       -4.48820247518237      n
        2.48247858106073       -0.90509797639032       -1.92042718091935      c
        3.90542860044048        0.71827234284005       -0.40813584289444      c
        4.33663988991780        0.16894836880245        2.11143652505188      c
        3.46264353171328       -2.07056613480710        3.13719515599554      c
        2.02497755639806       -3.68912867836013        1.66960716422468      c
        1.42009626069117       -3.03519391702199       -0.78604232888336      c
        1.70435905777597       -3.76825665367584      -12.41453678149234      h
       -0.74352156503139       -7.43238263053583      -10.82893203698494      h
       -1.25751878491639       -8.01966807785822       -6.20232340028057      h
        3.12975662268209       -0.51790676341755       -9.43073174567558      h
        4.63095750342822        2.42209789277501       -1.25636062531836      h
        5.37905477724644        1.44667846676265        3.31289759064965      h
        3.69270258250625       -2.62269147370513        5.08627389247396      h
        1.26594146730703       -5.45095271381301        2.35620706888648      h
       -0.80754421032608       -5.04449827999213       -2.27430161063038      s
        1.89566096266991        2.23174943084848       -5.34084007314268      c
        2.10075195806181        3.53684395271759       -3.74439676312830      h
        3.37550834537318        2.70211343650283       -6.69620909584319      h
       -0.76448719508481        2.60610694690648       -6.43389998182716      c
       -2.10348688782865        1.25883984900897       -5.60662333175650      h
       -1.44453170878146        4.51832206083441       -6.00616968135154      h
       -0.67626788786904        2.16209007835280       -9.07068988978793      o
       -3.08300721111073        1.69440615103509      -10.09550556107955      c
       -4.49571269519169        3.06146783386261       -9.42794335744570      h
       -2.84582943524901        1.95798749041224      -12.14521737731585      h
       -4.28698861500694       -0.89256785165207       -9.69496180930857      c
       -5.98981803888195       -0.90597320766514      -10.88520394951006      h
       -2.98184713423581       -2.30358170612226      -10.47379511469441      h
       -4.96641364181758       -1.47301293045929       -7.18146977543506      o
       -6.42658887546664       -3.69782231367501       -7.01514100915048      c
       -6.74147097210315       -4.02298581856506       -4.99654597145176      h
       -8.22569796070828       -3.48983769293330       -7.99156873907432      h
       -5.46293434703502       -5.35056304952329       -7.80797666154890      h
       23.07364319995753       -5.04558015030450      -27.04538063535417      c
       23.47451644954202       -3.84201217643363      -24.66877916419125      c
       23.94139192686902       -2.93658207271851      -22.75796372730225      n
       21.32289557864854       -6.12803805514192      -27.03738597318795      h
       22.97965359020620       -3.52603719241171      -28.43442622110237      h
       24.62594756193155       -6.32961814034986      -27.47470050680358      h
       11.06880130432817        2.39718097427849       -5.84924052032293      c
       10.17138844004319        3.34444650553412       -3.49049871396755      c
        9.30409303379910        4.10475699465828       -1.65785762407537      n
       12.26585840052585        3.76999688580964       -6.80758156318470      h
       12.25539461913285        0.77097288291629       -5.39969417956211      h
        9.42968854262099        1.80107475188563       -6.95253389602587      h
       -2.03165388137158        3.08565882283451        3.39502722301523      c
       -1.90637858174287        2.71027455031398        0.73026395988317      c
       -2.08093087805964        2.45812875220527       -1.41356547924895      n
       -3.87031481160465        3.90947713336822        3.81577713818406      h
       -1.86233262237741        1.28812899139343        4.38376283015348      h
       -0.56226768686455        4.34530880538299        4.10445380355378      h
        6.43343999831968       -6.53891475238103       -4.45320850795076      c
        7.18401489897494       -4.12334319505204       -5.39728751597959      c
        7.90467785530149       -2.23183055885970       -6.15948101639553      n
        8.12113082749670       -7.59756562044383       -3.93788941851684      h
        5.18878316065963       -6.33145508445717       -2.82898621845754      h
        5.45079175899834       -7.61421561425836       -5.90911083760970      h
       -6.89737432368101        2.85221742407386       12.19341493913509      c
       -4.99312274768190        1.30708617218156       11.06833162713655      c
       -3.38864406189801        0.14135878191200       10.20562080957804      n
       -5.98058925669053        4.31422830231664       13.31787787376081      h
       -7.88156584312150        3.81545741962491       10.66137884113500      h
       -8.18621772677019        1.64898833002502       13.25237133351681      h
        3.99463926014828        3.82272909483708       12.10642289055598      c
        5.09436535904438        6.18898794601872       11.41413666867686      c
        6.33295540121087        7.82326267119779       10.71510798338482      n
        1.95571122405480        4.02383554827974       12.30328795670489      h
        4.40732762797663        2.44547432545432       10.63139787325472      h
        4.80876183642927        3.16398560387408       13.87558481260318      h
       -7.59609939160862       -8.34144814557987       13.24383566696223      c
       -5.92499425684350      -10.44022704538201       12.91159394292524      c
       -4.52184947611449      -12.08684027270487       12.95435085468744      n
       -7.60292935422545       -7.88600271778671       15.25179746903938      h
       -6.93923489199890       -6.70333013773005       12.17324175906371      h
       -9.53158555079056       -8.82237385792373       12.72805895396284      h
      -10.14132067059722        8.99053367480499       14.88926741666584      c
      -12.18003616609659       10.74856978554599       14.78086314117794      c
      -13.81140959704532       12.16553355064161       14.65367404158986      n
       -9.18886601646598        9.20168444464387       16.70264855051862      h
      -10.89693879065785        7.08074283252451       14.71912287305873      h
       -8.79342585653940        9.27644347173908       13.35585132466306      h
       -4.03576321647437       -3.26785473807702        4.29021766125639      c
       -6.47042117125874       -2.38270189532722        3.50522296952280      c
       -8.35602320727931       -1.95086617994099        2.53895136987247      n
       -2.66849896725986       -2.55226676319743        2.92551172992915      h
       -3.47148442374928       -2.59568919269484        6.15182917700070      h
       -4.00979988241753       -5.32533219623972        4.31702721162422      h
       -4.71151970537538       -5.02757316589453      -16.35391601986832      c
       -4.18245089742039       -7.60082462508418      -16.95004366532526      c
       -3.57453651675983       -9.62378117124132      -17.42601324325867      n
       -5.51371075020962       -4.11536690648892      -18.02235477283413      h
       -5.94294786395139       -4.77153124056715      -14.72688159524160      h
       -2.92258812000437       -4.10366930637640      -15.92992034821333      h
       -3.90155757879633       62.07492684612814       -6.19589039315658      c
       -2.25205544125763       61.80190172779491       -4.08106366424603      c
       -0.99067007605023       61.52701769260723       -2.34378295605184      n
       -3.54103599511269       60.51991641067629       -7.49494765518457      h
       -5.82033535697046       62.01111530113533       -5.45762056408488      h
       -3.61885573479115       63.84346944567492       -7.22112185665162      h
       -5.57435031794262       13.13218127515994        5.44116769137268      c
       -5.11445524472953       11.32934627446947        7.39023220168946      c
       -4.65410431247904       10.15848968123854        9.15320198794024      n
       -5.35976459846566       15.01460259407086        6.25361774308961      h
       -4.34205365394413       12.90430142790731        3.80729668515471      h
       -7.53704072467865       12.94321890923974        4.85154505226203      h
       -7.81040192046022        1.78278740844330       -2.38966002530198      c
       -9.13269370945449        0.90285032544731       -4.56831865935107      c
      -10.15436565159012        0.49944643998240       -6.43227739348268      n
       -9.08047421150874        2.10081767277241       -0.79422677143839      h
       -6.34474667689271        0.43465406187919       -1.86920739842964      h
       -6.81834937956383        3.51162074748116       -2.91390655073718      h
        7.48725930750127        6.33318386855769        4.41167353481091      c
        4.84837182684124        6.35510409654298        4.99397674917228      c
        2.72100209886047        6.28972861959531        5.40092537587211      n
        8.43891006533914        7.74897324603712        5.56585185934400      h
        8.29282620331138        4.52343617353584        4.97390346735575      h
        7.77524688909132        6.51320532723512        2.38190401361236      h
      -11.13008762868074       -5.47910511095344        7.93946020982714      c
       -9.98779576123613       -3.75200042182013        9.65764314935902      c
       -9.26015527739700       -2.35931899921758       11.14789317203395      n
      -10.22173958484119       -5.25984788840447        6.10687243439233      h
      -10.86801075198606       -7.39753276360360        8.63854300232447      h
      -13.10670744477907       -4.94337912982505        7.73151903883989      h
       17.23767073015904       10.42494317632253       40.86374837796556      c
       17.97516445920679        8.01937002341528       41.82254712254542      c
       18.60381875490456        6.06528088260999       42.51912668505302      n
       18.88978880110509       11.36065349762589       40.04715052274473      h
       15.83382843511834       10.19671972325746       39.37582644157781      h
       16.48547759781894       11.56653656054235       42.40339736265903      h
       -7.95826047645888      -14.76362344728482        7.94916173225611      c
       -9.82669447927263      -15.38050173483900        9.79111563230474      c
      -11.26190208947295      -16.00846528218485       11.28784618206923      n
       -6.28053851962806      -15.89872969378727        8.31836041165899      h
       -8.66048793138666      -15.02571040954712        6.02648906220956      h
       -7.33257062659377      -12.80598515904644        8.08023094099383      h
       -8.87681200217863      -16.12359210163289      -23.12123376646542      c
      -11.10525198797512      -16.34594690953284      -21.60696843187760      c
      -13.02312858476871      -16.48761824024558      -20.61957944330113      n
       -7.41752429063478      -17.39779495900984      -22.42548928004414      h
       -9.37771535694084      -16.61149736416849      -25.06161767806571      h
       -8.21996994180928      -14.17577863051697      -23.06933783422316      h
       -0.42168461913568      -12.68099665924425        7.60617890687058      c
       -0.84842627819607      -10.76096263925945        5.74644988588698      c
       -1.03426592293662       -9.17887635945135        4.28420298554252      n
       -1.11404766338717      -12.09000928858540        9.45435392354782      h
       -1.36079464270093      -14.44063804393156        7.08914178444957      h
        1.60344717549377      -13.04616654077778        7.64032972311349      h
      -16.48357202142216      -22.29641631194121      -17.83248785935955      c
      -17.87130879220742      -22.86198161787113      -15.59395830077431      c
      -18.71326199218452      -23.37010679290859      -13.66391606048387      n
      -15.14173831166774      -20.77916078147786      -17.45358392208488      h
      -15.54191276453552      -23.99880884031820      -18.52196620030263      h
      -17.66898103251793      -21.62431487561375      -19.37477384466369      h
$end
