$coord
        2.53260975038595       -4.60327745564972       -4.69356484997730      c
        2.29002551836616       -7.06134413592409       -3.84224539053004      c
        1.12720266734141       -7.36527288394590       -1.52121970222379      c
        0.22998707037511       -5.31279749489855       -0.17970413332889      c
        0.52875715557759       -2.84966646364581       -1.07664324837391      c
        1.83112833595594       -2.47962775102188       -3.33652469090146      c
       -0.44310458159162       -0.77883608900182        0.23746999618335      n
       -0.49905683406449       -0.82237564902611        2.87825903448266      c
       -0.16459673799374        1.45625601605601        4.16010003172387      c
       -0.01315670773116        1.41710367446261        6.76998078219002      c
       -0.21987026415512       -0.80645384763059        8.12811803669956      c
       -0.48527222685333       -3.08419065146338        6.87037435240873      c
       -0.64784275897093       -3.06118787166351        4.26331328141712      c
        3.55093292298013       -4.32620320483949       -6.44075997517316      h
        3.22599257551575       -8.65460654073706       -4.70375443434517      h
        0.75414264561579       -9.19515634536921       -0.70135881701791      h
        2.18486391282380       -0.60228120030381       -4.04416612462013      h
       -0.21756260582346        3.25285522555262        3.20180750006209      h
        0.01486359320834        3.16334434160571        7.82477456729025      h
       -0.25459255368937       -0.79189203723477       10.16656343669958      h
       -0.54495054819832       -4.90291667048442        7.78702753571722      h
       -1.19400641284137       -6.00510436083944        2.76342596669143      s
       -1.42703280876238        1.37747827082565       -1.13019080254334      c
       -0.15347131764351        3.01162275704230       -1.09046655530097      h
       -1.41159968404739        0.77317821714814       -3.10067268827737      h
       -4.14875918902383        2.05246009791245       -0.38997696540522      c
       -5.25247776995566        0.35179070080773        0.03659578384712      h
       -4.34819592243603        3.27006206577432        1.27725150525787      h
       -5.38766660552984        3.18947561678479       -2.47081783159382      o
       -5.36894338093970        5.83908527206861       -2.67228169229750      c
       -6.92495202502373        6.66056926337353       -1.57035843135339      h
       -3.53696787921757        6.63596100479420       -2.09271135666711      h
       -5.60387660584592        6.20611840662098       -5.52053274547590      c
       -7.53435978889953        5.71350291281562       -6.10964118801636      h
       -5.26793720783986        8.18057076125270       -6.05869472768771      h
       -3.82334979747441        4.59167346246072       -6.67788699837242      o
       -4.83680882578116        2.56389210620476       -8.08165241040477      c
       -5.59528681182221        3.33227797940724       -9.84627765685900      h
       -3.28263264819301        1.29041434655790       -8.52465694704264      h
       -6.21501869900003        1.52257773402002       -6.93929857493956      h
        7.18829031331189       16.93967895202805        7.52982042057151      c
        6.11103228062863       14.49914573427190        7.15455714400132      c
        5.63413940634027       12.41133734002641        6.83421152866278      n
        9.04802486444296       17.22473651128234        6.69493967990950      h
        5.92927582391311       18.33859288477854        6.69004973094868      h
        7.32226267703885       17.36469691841182        9.54082242905207      h
        5.44285605768837      -10.75913622154403        2.53470489798980      c
        4.91082860547524      -13.16928165960021        1.45097499517891      c
        4.34391234647319      -15.00116245290174        0.44515918682362      n
        6.31284583077565      -11.14376692901874        4.35985250476979      h
        6.78710683248825       -9.73066421946456        1.35577166873930      h
        3.67476300393725       -9.72207233676985        2.77477780152302      h
      -18.08944034821909        9.51192629329887        8.42700387340819      c
      -18.79418413948591        6.93703728633674        8.78874036837072      c
      -19.16206159447997        4.80846270771161        8.63418580492901      n
      -16.61605524949006        9.65997893303403        6.99745923158640      h
      -19.78317402540959       10.49792823159296        7.79736294960960      h
      -17.38210338761189       10.33287284178218       10.18052066232386      h
        7.72737342038850        1.25806935671971       -0.98116081276030      c
        6.67050037968401       -0.50212130896368        0.77223075780926      c
        5.98507834608386       -1.85872248013947        2.31104328043588      n
        9.49028203113381        1.96087616011220       -0.18566625807215      h
        8.19212877484470        0.28750982555538       -2.73396566784425      h
        6.39086575937921        2.81274371334219       -1.17675226509300      h
      -13.29532981271508        4.46698220159012        1.89740565088357      c
      -13.02745057541041        6.90626282000588        0.77599230690675      c
      -12.85256647459220        8.93011653058455        0.03371616843150      n
      -12.93059708531007        2.88497721123716        0.62988136844869      h
      -11.94097963113367        4.30729531740991        3.44137278985197      h
      -15.22523290980252        4.36908485248267        2.60178932512939      h
        1.36519923168416       13.06781464723141       -4.54577314977505      c
       -0.56319989045025       12.07372291319359       -6.15229022296834      c
       -2.23869825349466       11.16233655099299       -7.17975331573828      n
        2.19250523628105       11.44082078809494       -3.59451979059875      h
        2.89626771618267       13.95282429994794       -5.60191158803344      h
        0.68808115274944       14.52254712632201       -3.26049614306525      h
       -5.27014196423493      -13.69411299013323        0.51930882820213      c
       -6.41449922764424      -11.66896675704026        1.89665373531726      c
       -7.76040280063802      -10.22027449362048        2.77518253262292      n
       -6.75128202500512      -14.81096100497144       -0.37414649626664      h
       -4.17345822529629      -12.79422027742362       -0.98020801947865      h
       -3.97796783964582      -14.92430220709709        1.54903809022149      h
       -3.56743743145213        9.07492650878167        5.86399939586545      c
       -2.99967221400923        8.37687513017396        8.40352105473922      c
       -2.58765779751418        7.71893355224654       10.42409019497855      n
       -2.38315518232839       10.63239215350850        5.22221908119465      h
       -3.17481444050466        7.38125132467582        4.75741883934686      h
       -5.54936701612102        9.61568922212921        5.69235860168478      h
        4.08213218944409        6.63893329863354        4.37708983766125      c
        3.59272504726507        5.90859050795523        1.81694303812788      c
        2.86444758808347        5.23813939874858       -0.10549426390058      n
        2.71226189028645        8.08971656557092        4.88951859547287      h
        3.55131678377187        5.02070549547066        5.53267985753927      h
        5.98680572855555        7.35518212154756        4.68337837913296      h
       -8.52362792808554       -4.58989841135479        6.38453149336074      c
       -9.54572280397508       -2.41253551998193        5.17155253665805      c
      -10.41534012101261       -0.62272001534448        4.31786272048401      n
       -9.89023238164786       -5.81407825847610        7.32956830423881      h
       -7.50484478178738       -5.78983851148334        5.06111226533745      h
       -7.26215948284968       -3.95493498059259        7.88091569924552      h
       10.02210719194342       12.20480813847023       -5.98730746656882      c
        8.31302073945971       14.20620580780836       -5.40307893473822      c
        6.81358761399628       15.75702901985017       -5.22574817407065      n
        8.87696779926427       10.74879598722228       -6.88411704694038      h
       11.57504713623447       12.85632228529277       -7.16829402945684      h
       10.76254780889862       11.52560670226934       -4.18475485580228      h
       12.88138464031881      -16.41348519149578        2.76387704389084      c
       11.98557727828577      -13.91239072945559        2.31373745938846      c
       11.44630585704340      -11.95324269945993        1.56419363761125      n
       12.91840060949933      -17.35554240163443        0.93063124196466      h
       14.74529657773261      -16.26482758443899        3.62628759767353      h
       11.72068206928606      -17.33957803270600        4.18888120389763      h
       -9.42191670099650       13.08903409144440       -1.86070530419383      c
       -7.14532826705514       12.81687228386213       -0.44212455501952      c
       -5.30246360937142       12.48431341497019        0.64145509912792      n
      -11.02291135129100       13.12646339361276       -0.55876470719266      h
       -9.45268887805896       14.84457801847398       -2.93476225953733      h
       -9.59494048909023       11.51922366475385       -3.18495051204091      h
        0.57833422131024        6.04321897155924      -10.00344834306564      c
        2.87022664593044        5.98663240727241       -8.57260532576926      c
        4.74365814006779        6.06162651210255       -7.48622904735420      n
       -0.01025343873678        4.19240419038458      -10.68921473428407      h
       -0.92456974643358        6.88353112725920       -8.87412005375638      h
        0.85442956515969        7.36495785075398      -11.55653770889452      h
        3.68021823204935      -16.76587089906176       -4.95400470978259      c
        2.87183365647044      -15.86099458449267       -7.35558484891038      c
        2.30776907361947      -15.22538869574081       -9.34749439736469      n
        3.04770425279632      -18.70447611077827       -4.68329499031331      h
        5.72665939732561      -16.84852861132300       -4.74661146451372      h
        2.95844309033142      -15.60455558033628       -3.41528604474611      h
        4.70679132526640       24.26290274734047       18.20336291001587      c
        4.68972011940280       21.61276757429106       18.67924773376846      c
        4.76982029662285       19.45962305189577       18.91683205122964      n
        4.08067403495871       25.36143089504312       19.83832255183397      h
        6.63275346667179       24.72302195957591       17.64146348568549      h
        3.44722276606473       24.68456041510534       16.63007310353166      h
      -13.52412590909958      -13.88770650132430       -9.85003822844205      c
      -12.62354030415215      -14.57622220381473       -7.40478357707809      c
      -11.95683999343642      -15.10207300471755       -5.41145644119414      n
      -12.60463732934422      -15.01978048331130      -11.30347349399790      h
      -15.58114970567763      -13.98588346331093       -9.98231655180867      h
      -13.05505124407769      -11.92094760675344      -10.24098963532157      h
       -8.65102162429725       -9.10033157286076       -4.98050157914702      c
       -6.04184060876122       -8.72900656561583       -4.37827396305139      c
       -3.95293004032557       -9.04569508193929       -3.92065027273032      n
       -9.20329166805602      -10.84749342688314       -4.04263314924235      h
       -9.89332569234707       -7.61087022893395       -4.27890985465638      h
       -8.87543023721733       -9.32962180493608       -7.01155518804962      h
       10.16670820720363       -8.74207762371546       -2.95764340034883      c
        8.91350883758881      -10.68656639670513       -4.36323433112459      c
        8.06350267780296      -12.45619757489337       -5.26965277168690      n
       11.95047522228146       -8.24466804061479       -3.86049582026766      h
        8.90481767150712       -7.11792245737608       -2.83376807351167      h
       10.61345959423320       -9.51138878661400       -1.10177496776122      h
       -4.10480289952291       -9.91931812237392      -10.01403688374251      c
       -6.24192360706390      -11.28496278829238      -10.92201363056438      c
       -7.99721043890504      -12.45855719022773      -11.40552552439386      n
       -3.57088371099118      -10.65011745331237       -8.16281758796619      h
       -2.41076870847273       -9.99098133434565      -11.19104809991102      h
       -4.59261250332911       -7.92195629167259       -9.92376821554715      h
$end
