$coord
        8.07690308351465       -2.90110187530807       -5.21471161638062      c
        8.21102154598828       -1.53469281584504       -2.99196056309705      c
        6.11981142056622       -1.31859284499622       -1.43895350700242      c
        3.96449215599241       -2.64738467490399       -2.07631226415347      c
        3.82229532251287       -4.12797236638230       -4.25539875390540      c
        5.89729678515895       -4.18703301786823       -5.87744813947805      c
        1.63130636168215       -5.47474307020085       -4.84321106194201      n
       -0.73516534873221       -4.58199819066759       -4.08057660888093      c
       -2.81872966574801       -5.03880808646884       -5.62887457382451      c
       -5.16028762402758       -4.04237228101862       -5.02873582620624      c
       -5.43299667148528       -2.51359538369648       -2.92636899004456      c
       -3.38769339428863       -2.10912657768267       -1.34726107579955      c
       -1.04488638163245       -3.11882723472113       -1.90894212993971      c
        9.74374037945186       -2.97580455915953       -6.39051600437253      h
        9.90573742741163       -0.54808939077815       -2.43404568279178      h
        6.17191884756938       -0.20099468725634        0.26635534811376      h
        5.83194036659433       -5.21183419429936       -7.63694420336445      h
       -2.59959105151044       -6.19650911596597       -7.29038149948264      h
       -6.79765739219819       -4.49420211305337       -6.15904621367230      h
       -7.24240833768303       -1.73894541267509       -2.39474490013542      h
       -3.48269776786886       -0.93641184992900        0.31625725067430      h
        1.50698722937301       -2.56237264097711        0.18698256606381      s
        1.79100297671227       -8.07096565155337       -5.69316855159499      c
        0.76542360250980       -8.49529598382494       -7.44305306195450      h
        3.77266531023907       -8.59133773955998       -5.91776346900598      h
        0.88165584348538       -9.91115536617584       -3.64424173583006      c
       -1.06324169343220       -9.58430180617174       -3.00943803785316      h
        1.03882179027799      -11.81100057876205       -4.46147326990116      h
        2.55649313523754       -9.51163463580251       -1.59658506828607      o
        1.78049659822518      -10.57701942595506        0.71082781146201      c
        1.16560285004532      -12.53827882866340        0.41825140150177      h
        3.58603656263636      -10.67420212527236        1.73923819011566      h
       -0.11090375820898       -9.20544554054993        2.39719395551139      c
       -0.25902131172846       -7.20308399604740        1.86325244457993      h
       -1.99957997137002      -10.06203513269125        2.40679245859750      h
        0.61279043532566       -9.27684280221581        4.96377654814529      o
        2.88864672026322       -8.00147765127809        5.51466280219102      c
        4.61571903025049       -9.06341136184694        5.10341349059772      h
        3.00933674148822       -6.20506033577594        4.51878080009070      h
        2.87897334529685       -7.64582164795768        7.55480632529762      h
       25.29563240241965      -17.28478538435814      -56.21340243619986      c
       23.44036674728035      -16.87611575100744      -54.30330079955024      c
       22.05991510870928      -16.38134252637870      -52.71001967317848      n
       25.40010142038686      -15.67485590362447      -57.49172538257790      h
       27.13294086562495      -17.55521941123500      -55.31983904446400      h
       24.76242399966301      -18.94407007775884      -57.31120981893160      h
        5.44688130882574        5.66613038376750        2.12440226884246      c
        3.95152924965654        5.05817880322086       -0.03444970375482      c
        2.65450951239227        4.58734801100712       -1.70325313501197      n
        7.44502174317821        5.78588678017233        1.64577926159195      h
        4.87952501411031        7.53250695767207        2.79477058765643      h
        5.18691870821605        4.21485932890469        3.56853568319114      h
       -3.80715549980763       13.23223850334772        7.05022408671227      c
       -3.40871873774564       11.67824879429574        9.21446405309526      c
       -2.80291114423095       10.48726525893873       10.91875453593296      n
       -2.72136690534398       14.97299383662722        7.21519412654471      h
       -3.12398578133808       12.17937661735084        5.41861682107747      h
       -5.80016149279446       13.70111936883811        6.81110531661599      h
        3.02940859864324        2.16164018885236       -8.00473868142214      c
        0.33053425680400        2.13265357400975       -7.93494708742221      c
       -1.81966544525349        2.36391487432713       -7.89926048181216      n
        3.72245103797780        3.55339405173599       -6.65666259985147      h
        3.85703258707851        0.34327931686522       -7.51595398850701      h
        3.64090246239014        2.71984083798141       -9.89047683641967      h
        5.02617312948077       -8.77486575358227       14.90653346464040      c
        3.77627617320031      -11.16331356055590       15.01830010210742      c
        2.69085941567260      -13.03114542942115       15.12133761188504      n
        6.18770476115447       -8.52959617820874       16.58970744926634      h
        6.21476254033137       -8.77195374761089       13.22402177844678      h
        3.62389130028612       -7.27370174302798       14.80465853847580      h
       -1.15531774997290        4.75329081387456        8.20905653440085      c
       -0.09587520893198        3.52201575281788       10.36529907239262      c
        0.98119166794529        2.71379464857763       12.06244546035350      n
       -0.11744142800413        4.21183165751032        6.51611178676732      h
       -3.16239735928316        4.35472368007557        7.97322423775947      h
       -0.91344531650471        6.76136254229638        8.57759163715151      h
       -8.72625131620544      -14.57537129695666        1.63192428868729      c
       -8.57425767244021      -13.08275057602040        3.88066418484490      c
       -8.55330974121715      -12.11732061218368        5.81702280831546      n
       -8.74382470830372      -16.57047050647806        2.14050870129270      h
      -10.40293434983304      -14.06113522942020        0.54317814485540      h
       -7.08440937785596      -14.24198787213732        0.43332828820034      h
        8.66344505402417       29.85904674149944       -2.33053968607562      c
        7.88404430647490       27.63495261392677       -1.02488157170591      c
        7.22970732437275       25.87627598549225        0.05411902157683      n
        7.35275344546319       31.39126455119128       -1.91280562796702      h
       10.54338521910586       30.39894226482320       -1.68127335401374      h
        8.67546110219107       29.49688434397051       -4.35997895970820      h
       -5.13457764506215        5.85459662669708       13.45543669296336      c
       -7.08246777963396        5.22457617025126       11.68454148828009      c
       -8.68138652968030        4.78619116653787       10.29640052033472      n
       -4.20059142466558        7.51627590415593       12.67416102142016      h
       -5.93173843171779        6.38278293604795       15.27789887767472      h
       -3.80523314979561        4.30422876419945       13.70804120874448      h
       -4.78065491374347       -8.74022253964228        9.69755979832088      c
       -6.79031033396270       -6.98718356003888        9.31671275103635      c
       -8.44930363662800       -5.71051687539425        8.76324773949401      n
       -5.55985049377033      -10.55145159615699        9.08795159839871      h
       -3.15286414670633       -8.26011117471371        8.53609344401073      h
       -4.16041470796866       -8.80820555695249       11.65825541081414      h
      -15.54761753471969      112.15724620111453       -7.37477830163731      c
      -14.72655332804995      114.72089211086714       -7.22826779609252      c
      -14.19217730094845      116.80777333663833       -7.01810704189109      n
      -17.58375688893720      112.10203458418755       -7.66917810506193      h
      -14.55216056959219      111.21149368397310       -8.90626125051608      h
      -15.04513277920789      111.26240734857615       -5.58437742160467      h
        2.22392358012871       -1.25649939730370       16.24678863379935      c
        2.58449729319002       -2.11040277204617       13.71668871333983      c
        2.83585153568736       -3.29745180826901       11.92263569284405      n
        0.62424418751483        0.04362872193485       16.26481233597808      h
        1.68739430524090       -2.92355469605301       17.32987760795867      h
        3.85452296331088       -0.38130296038554       17.14717305911511      h
      -18.16463277959784      -12.07706937034853        0.20823751131750      c
      -19.47779759156492      -12.72144383854618        2.47311675982865      c
      -20.37501117402543      -13.25750038924219        4.36746138966901      n
      -18.75483533269121      -10.20171185182820       -0.41971890843112      h
      -16.14767456103841      -12.01966488055574        0.61451822593553      h
      -18.53039837994256      -13.43171619315459       -1.30140313750080      h
       -2.87535099328373        5.13727593721537        0.91024680111475      c
       -2.17650642508035        7.28740258946870        2.39073871740390      c
       -1.59306013321781        8.86893833302634        3.75232537041185      n
       -1.98768646827737        3.45391421185805        1.69801029591904      h
       -4.92470111148352        4.93769951452420        0.93392347426983      h
       -2.24577643285432        5.42532757092707       -1.02778596720915      h
      -10.17672019646140       -0.43968114984250        7.41194604429230      c
       -8.57217200861750        1.12858963575180        5.92674377278401      c
       -7.00557105870061        2.35245388926939        5.06779959453510      n
      -11.87869055555378       -1.07295077267746        6.44560535145905      h
       -9.07451410911252       -2.06153390990754        8.03844509792059      h
      -10.69717997214117        0.64963503803827        9.07921315533371      h
       31.01175936134067       -5.89816601170036       59.36987954191621      c
       30.59764555218607       -8.26901946779453       60.57716487263760      c
       30.10882738145695      -10.18882005345665       61.45711725082147      n
       32.76078827948429       -6.00964671975504       58.27427474176232      h
       29.40588219202914       -5.50379828779316       58.14415386376386      h
       31.16967605908092       -4.39120106942155       60.76403446107652      h
       -8.76765932634307       -5.58873749337958        1.59928635289375      c
       -9.63299105316918       -7.98884808144347        0.73035092258651      c
      -10.38094059716910       -9.92578790019433        0.11132179731244      n
       -6.80231938797856       -5.27317280747626        1.07261503619430      h
       -9.98155791041940       -4.14876231777969        0.75583813775573      h
       -9.04645225195440       -5.52288935379190        3.63863750471189      h
      -19.17443867847398      -25.63577107834458      -45.29747000087920      c
      -20.91153509311469      -24.43913566522601      -46.98831170510235      c
      -22.35980688381257      -23.44041327153594      -48.24462409533302      n
      -19.46714820857148      -27.67297568799339      -45.33342061439016      h
      -17.22791564327600      -25.22798378502300      -45.84409879381666      h
      -19.49746141492007      -24.88117962775059      -43.41216894992116      h
      -16.49698717844726       -7.95456000259516        6.49980040082118      c
      -15.57483152691700       -7.50776282196558        3.99435985139735      c
      -14.90322015612413       -6.85494400844317        2.04539470773415      n
      -18.48242698010590       -7.40499241535970        6.51949330927176      h
      -16.16818308979060       -9.89698440109679        7.10351237884927      h
      -15.42446100567997       -6.77769963569053        7.80377946192093      h
       -0.54896701962067      -28.34838568945743      -17.02023460230343      c
        0.01788775888761      -26.94161548222683      -19.24652418118844      c
        0.55675074005572      -25.80321185793390      -21.00885312593366      n
        1.20821543593809      -28.74729785330264      -16.02057008535293      h
       -1.75187343756824      -27.23676698138766      -15.76422391090250      h
       -1.51049711176317      -30.10265805291858      -17.50350396970301      h
$end
