$coord
        5.77279725792079       -2.79511771473516       -0.62619158786917      c
        5.42610426297619       -1.91713637266206        1.80991938890226      c
        3.06326541774823       -1.96015505478014        2.92653579633364      c
        1.05704920003246       -2.88129607309940        1.53229354621138      c
        1.37213238025559       -3.76966783792203       -0.93190958718124      c
        3.77620452218559       -3.76690858585751       -2.00921817056215      c
       -0.64478419475262       -4.61666170801781       -2.40649335984903      n
       -3.04475402278676       -3.56631391835697       -2.06633367990471      c
       -4.68302413640713       -3.61284205859694       -4.13056458042565      c
       -7.17514253282675       -2.89531966404786       -3.79822072274445      c
       -8.03638571881948       -2.00989844804551       -1.49479608240631      c
       -6.33807078027284       -1.74126819778374        0.47599230360665      c
       -3.90287002944021       -2.66073706925265        0.25667329139019      c
        7.61958416241569       -2.69999660912367       -1.49035202568593      h
        7.01284830183514       -1.26273789783428        2.91024814487744      h
        2.82547964455529       -1.40907032653092        4.87578767965239      h
        4.16894075692976       -4.52372855222711       -3.85943366807488      h
       -3.99230057278340       -4.18354192816268       -5.95979983076586      h
       -8.54218845018379       -3.07423221090050       -5.30218463838513      h
       -9.96520443156465       -1.39919468073826       -1.24304864311657      h
       -6.97201188286857       -1.15844124317037        2.32261370024154      h
       -1.96148436048188       -3.08465898660899        2.95220917473753      s
       -0.36276440097529       -6.99509897774433       -3.73005074869839      c
       -2.16523926053081       -7.23942469507860       -4.72270102764525      h
        1.19377093958827       -6.86112865927368       -5.07447086207527      h
        0.10839596267508       -9.28692566941522       -2.01632671619656      c
       -1.12295065175035       -9.21309123055341       -0.35176387357208      h
       -0.42244414690609      -11.07051142786886       -2.93230216018180      h
        2.66073228989264       -9.22519911495880       -1.21672447199593      o
        3.26816429493417      -10.53644433095890        1.01330510849208      c
        2.80416667279018      -12.54539757517363        0.77030964654955      h
        5.34238288700084      -10.42523808008514        1.12419853358467      h
        2.38703908999249       -9.42094266837067        3.51964016649212      c
        2.01842609793900       -7.38848012662718        3.29669492349430      h
        0.72595565907844      -10.41470931330847        4.26406302410370      h
        4.23295142587549       -9.73890872224031        5.41903014691594      o
        6.39074881033800       -8.18578719461991        5.21586092882755      c
        7.87539067582634       -9.19104534315390        4.18391977160383      h
        5.98438397874070       -6.42198722949959        4.23742364339860      h
        7.10073777899340       -7.90868270155036        7.14145152033943      h
       23.71819872317193      -19.70285673623057      -60.04332945583090      c
       23.88764920154053      -18.28900849777474      -57.75644741325067      c
       24.18412555407143      -17.16430614262567      -55.92993751658316      n
       22.98398151443795      -21.57473902355791      -59.60301359570245      h
       22.43270815929755      -18.71680868802420      -61.31710955605697      h
       25.57301554892319      -19.86601704451508      -60.92409684897177      h
        5.76947696505966        7.14514032710626        8.11309100212709      c
        6.90236937656534        6.56291016353270        5.73740424556417      c
        7.73047795948922        6.24576183096991        3.76192966056607      n
        4.61185623646527        8.82950984446704        7.87060316601940      h
        4.51408464810243        5.57943309878690        8.58974535211000      h
        7.21977348109457        7.42307301911921        9.55485484587072      h
       -7.03060943062630       10.67554471783975        0.90362345971515      c
       -5.65411847449560       10.05272736770220        3.13408119241230      c
       -4.44219819435479        9.56463891467534        4.86123769034663      n
       -5.96749382383630       12.03775739179878       -0.21465331897537      h
       -7.34965248946405        9.00308593171949       -0.25330109263493      h
       -8.86374234096511       11.48319737118184        1.38985474717224      h
        3.32282090091013        5.00185715984200       -0.44400948173163      c
        1.38895293025816        4.18460624268033       -2.14162233923337      c
       -0.20123213901053        3.70604264036211       -3.52740818329068      n
        3.26026254890062        7.04604784412980       -0.21604751529862      h
        3.11600183917235        4.11870381275588        1.40195212249262      h
        5.17627330320063        4.47369501679167       -1.17014999320005      h
        1.07580419414244      -12.83316799521331       12.36590887359119      c
        2.15222907866427      -15.28181848738683       12.71923215949752      c
        3.04286266286194      -17.23796588841037       12.95965121128247      n
       -0.95461845950103      -12.91627282363116       12.70186272990087      h
        1.84347642665686      -11.52377312742935       13.75866271587298      h
        1.51534069384430      -12.16691367634875       10.47034060426445      h
       -2.50569745644890        2.93974315055420        4.26347422169763      c
       -0.54338093829242        3.16447629249611        6.10375886106248      c
        0.95088260907089        3.60584041973225        7.60907425358950      n
       -3.90577794371149        4.30786805226163        4.89942711206570      h
       -1.80382552763329        3.39927498850699        2.38223859694469      h
       -3.34949094683215        1.06503254195134        4.25142672837982      h
       -7.45701774373506      -13.01375431266162       10.68184402583017      c
       -5.53921846255298      -11.90224528899078       12.22924294410480      c
       -4.24909866452980      -10.86169108661556       13.62021972617572      n
       -6.74399845397353      -14.38871715800091        9.32520536684424      h
       -8.82697372630419      -13.93981320491163       11.91744445802042      h
       -8.39494175159557      -11.45599543348384        9.71380081363635      h
       12.61840828900224       28.01684919609082       -4.03371682447457      c
       10.71066150832864       28.66745411668322       -2.24597557269358      c
        9.09504427310073       29.15920503554259       -0.89197977029654      n
       13.78388325556850       26.46382335040654       -3.34823562316888      h
       11.71661327208953       27.47911314646012       -5.80707935332943      h
       13.81366640300517       29.66950081897654       -4.33376749894257      h
       -2.60894159663196        7.48549731056593       10.11105126837559      c
       -4.70711078224086        5.78603264135580        9.91927670138389      c
       -6.28825819483067        4.31740018255421        9.78234793072217      n
       -2.73879905955621        8.82533039343770        8.55160126746571      h
       -2.59007268781933        8.47356788643980       11.91636980349429      h
       -0.86017115482875        6.42107791140746        9.90267751253046      h
       -3.65145234666168       -6.64057353182512        7.61724368512073      c
       -6.15490779344420       -6.31020798196831        8.55557969897051      c
       -8.26525807357944       -6.24207698220244        9.03541298561964      n
       -3.81104683047503       -7.59542400977401        5.79457839220321      h
       -2.84308650018497       -4.76702674067464        7.36115605207445      h
       -2.46304503561246       -7.70946810475763        8.91292857866268      h
      -17.99573600587377      120.06799716796424       -6.67808553958601      c
      -16.28731045972758      121.66106737618674       -8.02393158399121      c
      -14.96991817141679      122.88133423014153       -9.23232924009669      n
      -18.82250533152652      121.18335442453686       -5.15887070649966      h
      -19.44368911225936      119.47292196467694       -8.01230430723718      h
      -17.04286769265925      118.40585935501149       -5.91120700866582      h
        2.07638880599094       -2.33245660186052       10.15741057565042      c
        1.38635726779850       -4.67906988356680       11.28782314010368      c
        0.57178461329758       -6.33288250489421       12.42460184066668      n
        1.57310935854281       -0.80995921284625       11.45291960211527      h
        4.07860418220679       -2.29317238010656        9.67823514325264      h
        0.88021267438854       -2.11123057808841        8.49736931906303      h
      -16.61314798734509      -10.13523253500013       -1.89021895000231      c
      -14.29883005360318      -10.72352385797584       -0.63836268434991      c
      -12.61930619630508      -11.25482532648380        0.61774590054119      n
      -16.29304905197412       -8.92948532651842       -3.53440400098280      h
      -17.57189367300607      -11.86086004524848       -2.47288193667340      h
      -17.78237571095830       -9.11363803011159       -0.53481547670860      h
       -7.13264726493437        3.29950140321698       -6.83982967384004      c
       -7.84968183731912        5.13013304928494       -4.98566305138096      c
       -8.38060809876687        6.72890342043296       -3.62271268451551      n
       -5.15248287836288        2.80999724507601       -6.55424078677138      h
       -8.23050011707768        1.56711715440592       -6.65600592720971      h
       -7.51034331613235        4.10273919374162       -8.69656434166552      h
      -10.82061605991947       -0.01182934262283       10.53443004205197      c
       -9.46506916810563       -0.26174976487794        8.22360630624279      c
       -8.06870201452703       -0.44711202719691        6.57871513878177      n
      -12.83451095061343        0.32309560314613       10.28223864052902      h
      -10.56317491519417       -1.75467926820207       11.59930744928256      h
       -9.96764629130905        1.55726462582175       11.55797996602743      h
       33.15290241912984       -9.96343258237184       60.93579259410033      c
       31.78029263345591      -10.10552358319712       63.24787536742786      c
       30.55120377955142      -10.29529737977433       65.02332465591127      n
       32.41550011371429      -11.41809065954102       59.66611243697753      h
       32.83566795620312       -8.08639061418751       60.15294741919716      h
       35.16631637966358      -10.28791059741517       61.21938949216051      h
       -6.87730281551562       -9.13314635092741        0.98654301612752      c
       -7.40374482245233      -10.10414998887897       -1.47199097038288      c
       -7.75314531608439      -10.83993102339447       -3.47970285312086      n
       -5.18082907895611       -7.96640805346800        0.97159555595410      h
       -8.47630190376625       -7.97566809635031        1.58814851506039      h
       -6.53181991249810      -10.68117405009183        2.30003698247376      h
      -22.99915418715020      -23.21023494639830      -52.34268045694506      c
      -22.40615766623597      -23.88505582681212      -49.79290441972925      c
      -21.86923257561338      -24.60002174666730      -47.82470890054120      n
      -22.31122709891754      -21.31167670983022      -52.74193836962104      h
      -22.08495695511432      -24.58286807077361      -53.58129547672608      h
      -25.02625871157494      -23.29903757364207      -52.67595712694874      h
      -12.99437062510345       -6.46658414346221        5.89074853329470      c
      -13.07540574626715       -4.81009745147835        3.75142241009876      c
      -12.92606764595743       -3.75246621018790        1.87131239812485      n
      -11.04439051118298       -7.10862740110836        6.06320594896510      h
      -13.60972814557094       -5.57718562762511        7.64457242042186      h
      -14.21924086468681       -8.07470748426200        5.50434676931476      h
        2.74594369598679      -28.20678034602634      -18.55719799452261      c
        2.17151113822724      -30.83425112811963      -18.70923933998319      c
        1.83535446584874      -32.96590438335122      -18.89683604800364      n
        4.30390846070629      -27.79165875523331      -19.84038547100160      h
        1.11789239754552      -27.07903896255552      -19.13848209119231      h
        3.38024240169088      -27.75065472837797      -16.65320863067672      h
$end
