$coord
        4.45384221637162       -8.84458198072794       -7.93857143844445      c
        6.59794943677266       -9.28174477547397       -6.51120431494237      c
        6.83612703551581       -7.99429107172497       -4.24903176446832      c
        5.09354216628416       -6.18880890077525       -3.52726455789132      c
        2.90980906681483       -5.77073783550351       -4.94758329139383      c
        2.58597854184955       -7.19685932419117       -7.13881025283533      c
        1.05438451684831       -4.01881139276579       -4.27832856152756      n
        1.54288131207460       -2.15132813420548       -2.47481217139821      c
        0.26244219434759        0.11525966646860       -2.88736321067168      c
        0.69673544470925        2.18640646874232       -1.35188765664755      c
        2.41188276682915        2.05437619133307        0.61593176212538      c
        3.85290664007158       -0.10886082858296        0.90627372422864      c
        3.47823502190279       -2.14712764563744       -0.68395142591525      c
        4.17780999583661       -9.88158452572215       -9.67491100957964      h
        8.05802265620189      -10.57088040299514       -7.11372645478134      h
        8.48142643230999       -8.22987965054429       -3.06695423328793      h
        0.97625512047750       -6.91047864312856       -8.35416708466120      h
       -0.92862927923341        0.34316324362274       -4.52391680065169      h
       -0.30991112378093        3.94502208915020       -1.58993274737126      h
        2.92222259503884        3.69048411264490        1.72018789041372      h
        5.40554838119597       -0.29051744308414        2.21313394464706      h
        5.67983207659496       -4.66941658012790       -0.60891349790304      s
       -1.54894285645455       -4.85181811210762       -4.40905548475046      c
       -2.68113035699373       -3.36324984839926       -3.51670956912688      h
       -2.16652909911062       -5.03397662070887       -6.36701903396992      h
       -2.20620193483029       -7.26403319335803       -2.93917772312364      c
       -1.44299915309734       -7.08119736755453       -1.02175026990262      h
       -4.25919353339863       -7.44893052814788       -2.70891946890849      h
       -1.14123435007153       -9.38935768647254       -4.16654665156261      o
       -1.20410913379015      -11.58784889695818       -2.67522081696492      c
       -2.94981730249383      -11.53155930566184       -1.55291595798763      h
       -1.36302731348620      -13.20217671527425       -3.97742573817062      h
        1.02805742415680      -11.91333881263043       -0.88247717092091      c
        1.26340262038996      -13.91423669529021       -0.37502825286492      h
        2.77037125371296      -11.26325756879305       -1.80044917242675      h
        0.49771087980659      -10.49846695514779        1.31594208627479      o
        2.53878526270831      -10.19319605390920        3.00424857603915      c
        2.13539886650990       -8.52493573939032        4.15914896320353      h
        2.82408854802956      -11.80081622889614        4.25629554927218      h
        4.30005611689815       -9.97175968951685        1.93763652074039      h
       25.40877655732423      -12.42823900586789      -44.13038331297832      c
       23.34096517531892      -11.27923351243916      -42.84140998229460      c
       21.57537488343884      -10.64231724585053      -41.76158564080698      n
       25.21300527127088      -14.47484114939819      -44.03043565897286      h
       25.35293064180454      -11.79682775144972      -46.09137631358362      h
       27.15915930322884      -11.85016021602975      -43.21130600410644      h
       -0.14155075515487        6.52809789338574       -6.84249884599039      c
       -1.18854240117690        7.64514638307925       -4.62386505251040      c
       -1.91869639449462        8.55678780325763       -2.80050776635317      n
       -0.68338613961717        4.54781635210961       -6.98701945479513      h
       -0.87172447580164        7.52770230641127       -8.49243391100936      h
        1.90678594273313        6.77851936254657       -6.81257549882798      h
       -0.56258350839522        5.59925922597281       12.46627297747924      c
       -2.66653780301034        5.78767370355555       14.13823195188594      c
       -4.35059755607060        5.73912936651286       15.49898059407023      n
       -1.12679358765336        5.45461156672922       10.49215921242172      h
        0.74831237635998        7.17249676069796       12.67569342336443      h
        0.45455419791169        3.88680151780222       12.99732798823862      h
        7.25107674876390       -1.38884174135692       -7.01621310409542      c
        5.03376866151554        0.11970281738581       -7.32841810722958      c
        3.38021826158222        1.47038968830234       -7.67414940923545      n
        7.27948825611921       -2.90503500144649       -8.40723666377441      h
        8.93556784598175       -0.24413562331944       -7.30334695747543      h
        7.36803711295409       -2.20539778737579       -5.12913133686322      h
        6.95122501528141       -3.03479734534022       14.60082938353037      c
        5.13119248443277       -4.96466472954553       15.09328301103267      c
        3.55569966647741       -6.43140679052462       15.30312167147852      n
        8.39320675561105       -2.96392643721291       16.06986087857776      h
        7.81219044574876       -3.41255308613718       12.76789786015636      h
        6.05589767906265       -1.18746398017317       14.47428052097535      h
        1.58908509885331       -0.14665458114569        7.67393215703394      c
        2.78943737839111        0.48869635784211       10.00702500682117      c
        3.87107241349793        1.19367335562698       11.74675870948886      n
        2.24531282453289       -1.97618228388357        6.99671671626335      h
       -0.46864143897253       -0.16083301877686        7.76559271467195      h
        2.14842224811688        1.31808641505022        6.34413960553015      h
      -14.81672271150846       -0.81033385487803        4.53861246949198      c
      -16.23773265303175       -0.41920895071263        2.27242583544838      c
      -17.17580638746000        0.14809046918521        0.40690510746262      n
      -12.94719501252812       -0.01864352363163        4.19585834939389      h
      -15.69863930553374        0.17951604066529        6.12085556067441      h
      -14.63966459033191       -2.81026094665866        4.99944202598550      h
       -3.51369382070784       25.35599714160010        1.60689400596823      c
       -2.50225307150421       24.23399510497825        3.83779121692840      c
       -1.65237954405968       23.31216186485143        5.60224045524590      n
       -4.59912030816495       23.99281881888198        0.50976144643369      h
       -4.70042357878653       26.95724098116250        2.13120271073620      h
       -1.94366899068512       26.04032853241921        0.45944364381242      h
       -9.21694471325023        2.09950843063076        8.64736507366579      c
       -7.29093250453191        0.32569960266793        7.96081515444527      c
       -5.75723383459643       -0.92411553717101        7.08823940776974      n
       -9.84959808844321        1.86767994358790       10.59413296312372      h
       -8.50320243813813        4.00504864045641        8.33865325768621      h
      -10.77102980114908        1.70792507971263        7.35659462296276      h
       -8.24574676425440       -7.27574869235157      -10.68322193083367      c
       -6.96971088087166       -5.23799364236005       -9.46823558276038      c
       -6.03829357899781       -3.43792841342488       -8.70620730092301      n
       -8.24183369607265       -6.88273666734213      -12.70926359886626      h
       -7.36536643720902       -9.08332786391877      -10.25101617607403      h
      -10.18969463798939       -7.22516502759159      -10.01079732880517      h
      -12.35411996145051       93.14355359463912       -5.52477869503842      c
       -9.69438774447181       92.98004484167620       -5.93341243320804      c
       -7.57395346826252       92.87995602962509       -6.35595147448426      n
      -13.23473133706482       92.50576212011057       -7.27215635222958      h
      -12.92574191472600       91.91862372565102       -3.97441822908189      h
      -12.84614011465419       95.10085300017094       -5.09389817946385      h
       -9.08558549372061        3.97053532043385       18.42009190605710      c
       -9.57428064559950        2.87360128857499       16.00793876793825      c
      -10.40035026467504        1.99259622402082       14.21007067749353      n
       -7.59035311100936        5.38047936435556       18.25893963604559      h
      -10.81940349296787        4.91100722228264       19.01119807686266      h
       -8.54060788852213        2.57776899373494       19.83385165722603      h
      -11.21246853453227       -7.84669330234860        0.10153290470791      c
       -9.04136516580120       -9.44106494370502       -0.01503261555000      c
       -7.27591438790849      -10.63247146345547       -0.39532785642853      n
      -11.65447443185791       -7.31659561313280        2.04659366665588      h
      -10.82779801351090       -6.12332328004184       -0.95606064028226      h
      -12.87126456517559       -8.75718841396875       -0.71532801242329      h
       -2.63858857332526        8.92484379941270        3.23765672781940      c
       -1.30315645828209        7.19801210928393        4.83075372596904      c
       -0.41292040109675        5.85345621820527        6.27824545842926      n
       -4.45246148743928        8.05579931593402        2.79397545902638      h
       -2.78999017850594       10.72902480485204        4.21859285921227      h
       -1.61786086237780        9.15213782309486        1.46515531771464      h
       -5.37371155288985       -1.59858304448458        0.73026541880253      c
       -6.12639071256076        0.84290561835170        1.57435138788041      c
       -6.86037880058513        2.80383832512497        2.12740812530571      n
       -6.28726601638162       -1.94568470130339       -1.07984135570774      h
       -3.33135480858828       -1.64653746761873        0.47679944312844      h
       -5.90930545777204       -2.98777113951951        2.15173063487583      h
       26.74527678360491       -0.01045538163735       51.04103102111633      c
       25.44542985129879       -1.56839545525072       52.81111432610095      c
       24.18292392247631       -2.87849392565293       53.98950919122591      n
       28.30562534065413       -1.07225131834837       50.19854556000165      h
       25.40235428392936        0.45140127663860       49.55105840065342      h
       27.44345976579874        1.69970651135596       51.95066599319573      h
       -8.28959217983042       -5.86802250747539        9.91125289909053      c
       -9.35019407882798       -5.55728154931172        7.45301322745683      c
      -10.31060552169781       -5.40034694311332        5.51720775439092      n
       -7.43590021797886       -7.73517067414298       10.06775394743759      h
       -6.92493389471122       -4.35173057291358       10.22278091456317      h
       -9.86541677023642       -5.73328806196869       11.23020630340238      h
      -15.57056590059068      -25.73823302531259      -36.26833770512697      c
      -14.59500192282072      -25.69009121517023      -33.74755544046761      c
      -13.89934453372975      -25.58882587893020      -31.70327939503840      n
      -14.31081704235475      -24.67874324143727      -37.50433452924636      h
      -15.71470430832311      -27.68565078762383      -36.93229072972299      h
      -17.43498793249348      -24.87125375164664      -36.28807154163313      h
       -2.80324870040673      -14.81823499722599        7.03242319464977      c
       -5.28342796951633      -15.72550187442375        7.62640023089258      c
       -7.27956731152318      -16.51250437560444        7.89426989753844      n
       -2.57534563807868      -12.84561893346388        7.58126707842957      h
       -1.29610969619968      -15.93099878468721        7.89025861029723      h
       -2.72644328982859      -14.96948894246874        4.98135096793450      h
       -9.03203197215725      -20.62593170806210      -19.04231332847119      c
       -8.15176627331362      -18.24654720380274      -19.94804713332286      c
       -7.35716879522474      -16.35094446872245      -20.63174630133052      n
       -7.48105524340280      -21.76548735599748      -18.30608350351315      h
      -10.43154430075519      -20.37411554873846      -17.54625292748817      h
       -9.94033851519988      -21.72305727593992      -20.52786226302052      h
$end
