$coord
        5.33785498636557       -0.56838811404659        1.42411493098709      c
        4.61825475188366       -0.22128098334319        3.91155862612017      c
        2.91981580015534       -1.93915516350812        4.90950836451707      c
        1.97539987815930       -3.89833143415575        3.46485522695805      c
        2.62263393300877       -4.30717468502467        0.94003559274193      c
        4.33353529882607       -2.53031625484755        0.01496533659317      c
        1.60226880546879       -6.37638083823889       -0.33941325314546      n
       -0.98743524510444       -6.83752666334871       -0.09534011801296      c
       -2.56608547784109       -7.53917886211600       -2.08599092690985      c
       -5.08955471447778       -8.09163175327855       -1.68245193392113      c
       -6.19183701332201       -7.81294268919464        0.67100971637555      c
       -4.66925255959352       -7.14569891912798        2.69015928793791      c
       -2.13680628153792       -6.66100572345306        2.27121441744377      c
        6.71557368626623        0.69249376783528        0.60039698971008      h
        5.41573957917658        1.26400366882458        5.05814698065948      h
        2.39543211365783       -1.82119612597192        6.87697546384814      h
        4.99149772376033       -2.75572699730628       -1.89986913786738      h
       -1.74952472387344       -7.84636771302456       -3.92657847189985      h
       -6.32939605374996       -8.68831026250027       -3.18893787617710      h
       -8.15503099576510       -8.32664589336794        0.86762069820230      h
       -5.40025795679689       -6.95847652942525        4.58281826962623      h
       -0.14312868018896       -6.05313151714537        4.89234781311051      s
        3.14168873066519       -7.85533665450991       -2.05148193634591      c
        1.93971323106190       -9.21578059342576       -3.05068784780058      h
        4.11317546146712       -6.72874777711510       -3.47809568806882      h
        5.16956251119134       -9.28765090730654       -0.55231032178808      c
        4.40743623246047      -10.10850021074102        1.19061980300109      h
        6.05943140232726      -10.67217579725144       -1.81453239931631      h
        7.03442447241714       -7.51078839225919        0.17063096744584      o
        9.40355531535831       -8.58556472543169        0.71233611579339      c
       10.05284489948006       -9.78690363459232       -0.85145465859473      h
       10.69575522475022       -6.95958727823904        0.82836923477697      h
        9.56285990992084      -10.15409151558115        3.12413767535304      c
        7.85621917297223      -11.31387609548390        3.36654482433226      h
       11.20861031013732      -11.41134110076519        3.01567201028662      h
        9.96555498653559       -8.68494046166453        5.31402555302248      o
        8.20526671531617       -6.73351631482118        5.76445064603075      c
        8.82226413481762       -4.99850135516805        4.82177082762664      h
        6.35621807635839       -7.27449833335600        5.04207968785559      h
        8.13877801560797       -6.42634487020610        7.81139845147847      h
       24.56598672688580      -21.70385620695266      -67.11854114504416      c
       23.70525625921183      -21.25904555462588      -64.60481953589799      c
       22.92659855370901      -20.98758942914303      -62.60257185703944      n
       22.95645136911079      -21.87356695510206      -68.39034712785823      h
       25.72308406194245      -20.09300179073196      -67.67851104946422      h
       25.67272021959923      -23.43721929139415      -67.23391591571040      h
        2.94553420137406        7.02415048636952        9.26386360666421      c
        2.61769724125417        5.76574723933453        6.90266286547997      c
        2.18907897504523        4.75352334535108        5.03704342512071      n
        4.95668775686607        7.13323894657138        9.68735842012276      h
        2.26271991435722        8.96504587467131        9.11778792505709      h
        2.02182689094185        5.94667542846945       10.76223000080620      h
      -10.67369615101986       10.15345658840805       -2.79845189764728      c
       -8.55296223736385        9.90409133501542       -1.15593092695589      c
       -6.98429315628190        9.62016284810023        0.30991783745274      n
      -10.13045648370675        9.90853559032507       -4.76854973400116      h
      -12.07189363141025        8.71446828658089       -2.33830218556928      h
      -11.50995477453144       12.01942775608786       -2.53783137599372      h
       -0.49370975149719        5.05616828240602       -1.50547547443105      c
       -0.77900309310000        2.37586708012995       -1.66112565202761      c
       -1.01877252604474        0.22981086296210       -1.53837625955177      n
        0.90576269630820        5.45717510189674       -0.05108001313836      h
        0.14842723913050        5.84748954356027       -3.29203052534562      h
       -2.29674514636357        5.88287085091534       -0.95126673453176      h
       -3.63589936519815      -14.51128096070430       -2.72844928690595      c
       -1.05201228794021      -14.14587035153968       -2.04330713530797      c
        0.99893518762853      -13.96317610107581       -1.38165811989461      n
       -3.99476895776081      -16.53504506844112       -2.86253511864874      h
       -4.85514199573612      -13.64338325826263       -1.31289292013055      h
       -3.99476098476339      -13.61862167012255       -4.54631725367226      h
       -2.45127617792539        1.21564869793522        4.13079838441801      c
       -3.59885516871018        1.67434475655705        6.53090234927177      c
       -4.40270139631171        1.92747745337516        8.52673684966164      n
       -1.24741663043502        2.78701066539281        3.56690925223144      h
       -1.24781095470910       -0.42963975209245        4.42666754994125      h
       -3.83491632653373        0.75843470038870        2.68056813989651      h
      -10.20411685180861      -10.70134617600282       17.63186121448065      c
       -9.25702979050424       -8.81080117666013       15.94760603528290      c
       -8.50327542138919       -7.50062296416433       14.39929535840750      n
       -8.62622405707094      -11.76577429089975       18.41712225465766      h
      -11.35735603950235       -9.89034742528326       19.13963881625673      h
      -11.39125217608881      -11.89793303200450       16.44766889532768      h
       18.44036362249981       30.66374100940572       -5.86851117524142      c
       16.34254192234501       29.31930989252635       -4.84359536819718      c
       14.59221842679169       28.26343156027675       -4.13167454517489      n
       18.26727409879601       32.66773217478575       -5.42786950874168      h
       20.18042542826093       29.95788752589539       -5.01929698418641      h
       18.46594578030766       30.42614957487134       -7.91615020993420      h
       -9.21231810561736        5.58298054216669        8.02698022145844      c
       -9.59530986321497        3.17926655775660        9.21135683919297      c
      -10.03400945996152        1.30743269868427       10.20102274012300      n
       -8.36115561338932        5.25370443366428        6.18009104986049      h
      -10.99850188840015        6.56879329360397        7.75580643014104      h
       -7.96577916636482        6.79968783088538        9.12259437984629      h
       -6.63950514692670       -3.27509355748239       11.08218211667135      c
       -6.29661941723445       -5.61649980066584        9.79487825735694      c
       -5.83941681000600       -7.44946418104942        8.73673484686858      n
       -5.14403598901629       -3.10267647558544       12.49397634817883      h
       -6.53594901314194       -1.66195881432695        9.81084965670669      h
       -8.47107024910774       -3.24508419070753       12.01926034325162      h
      -21.25658536429452      134.19357065750842      -10.19725833608974      c
      -19.14946843700970      134.36512203253679       -8.52438042937448      c
      -17.43010961868640      134.35134220263390       -7.20968886799387      n
      -22.67833941369414      132.99813658822848       -9.31117941990110      h
      -22.04651550610142      136.06957146771904      -10.49298413300418      h
      -20.63664834629252      133.34863597386152      -11.97504524312808      h
        0.31298416530732       -2.88351609860849       12.10664852232801      c
        1.45961279062142       -0.47184078506830       12.46669707617571      c
        2.69691805759113        1.29646601098093       12.64851391077615      n
       -0.43143426802039       -3.58977589638616       13.89457202001840      h
       -1.10162017589686       -2.83953777539386       10.61099507891981      h
        1.84109910254536       -4.11939471991632       11.49592433174462      h
      -15.18884139429950       -7.63078108065917       -1.51177559217468      c
      -13.17221955852532       -6.51403050637246       -2.91013277662330      c
      -11.51646837115650       -5.70932243723650       -4.04671684465124      n
      -14.96559503756694       -7.21603007455934        0.49764641631358      h
      -17.03069688892419       -6.96225713224234       -2.14195319987534      h
      -15.06184467128119       -9.67435031975129       -1.74749571197289      h
      -10.53120130576520        0.77095313597665       -3.73169508090488      c
      -11.93342758011634        3.06676272800440       -3.98919160147887      c
      -13.05393647852461        4.91011560326584       -4.19435759071979      n
       -8.71776602089136        0.89961544314765       -4.69974715046879      h
      -10.21595692030847        0.45772712914710       -1.72103904707039      h
      -11.58998433815226       -0.81437635158785       -4.50694845117088      h
       -4.59020455019376        4.41175624600845       14.86762787131525      c
       -5.53673501391169        2.38874922620599       16.36809333590915      c
       -6.51621324733601        0.93728324392343       17.64235243090938      n
       -3.87806628766338        5.90411240974798       16.09126181520896      h
       -3.10968537504482        3.79101009246376       13.57902285681607      h
       -6.13385989122634        5.11995047699619       13.70450411429825      h
       34.23257636319495      -12.31633704039760       66.67227594608815      c
       35.18464354041135      -14.48891625853772       67.94641952432185      c
       35.96364940667304      -16.21922800000984       68.99430540468698      n
       34.46319452065156      -10.64859411928174       67.87116242837514      h
       35.34097355140329      -12.09169645783723       64.95246110009555      h
       32.23714984389349      -12.55043089294391       66.22169628213301      h
       -8.99489874218210      -12.24322307488172        6.17645231001164      c
      -11.08165538936081      -11.66666879757240        4.57102075581718      c
      -12.72095138028406      -11.05869458623082        3.29139680626931      n
       -8.99743111009081      -10.98459596400151        7.80598482058758      h
       -9.04556621597050      -14.22348400730461        6.75479703161417      h
       -7.24222296563775      -11.85821806456890        5.16604973795002      h
      -24.90644015573229      -23.62379219089104      -58.73671142441146      c
      -26.27429715102145      -21.82650944198797      -57.25107085705970      c
      -27.44322739593845      -20.51386011489523      -55.99257483090879      n
      -22.87626479331961      -23.34862061620737      -58.53710546374221      h
      -25.39652307307967      -25.51230464361446      -58.06784305884765      h
      -25.47497204067817      -23.46676029179979      -60.70653996435646      h
      -11.42281235595543       -5.81170431137801        4.20843148219404      c
      -11.18794315510982       -3.60377385010289        2.66017095836979      c
      -10.90948468384417       -1.76130887006754        1.56313721002614      n
       -9.85049713283962       -7.08897617282787        3.83321823522637      h
      -11.32851919782128       -5.33078700323883        6.20978606549196      h
      -13.20844022634619       -6.75403842377101        3.80941564873306      h
        7.72512529194442      -35.75073070381482      -15.95405163865237      c
        6.84150874459623      -36.40357915519863      -18.41366598681745      c
        5.97868632626008      -36.94535356800654      -20.32525103431250      n
        8.97209929554528      -37.22548120369311      -15.23549959426771      h
        8.73356072065011      -33.95065610357678      -16.00911777246106      h
        6.09570842625212      -35.48641239655741      -14.72494731638678      h
$end
