$coord
        3.29968817529813       -3.48625616962130       -1.20285029186846      c
        1.27105853027513       -1.84418175889364       -1.08479472935043      c
       -0.61324952245588       -2.21411223613555        0.68840139627803      c
       -0.40705993353081       -4.20460286069815        2.36552630402132      c
        1.59961276055543       -5.91450292966398        2.26411524454066      c
        3.44471842060832       -5.53018221559089        0.42345065300092      c
        1.74737193404022       -8.06467799293025        3.78551646315145      n
       -0.48124274976801       -9.29362912156545        4.49385874899246      c
       -0.50444341925984      -11.90525962012040        4.84880944976096      c
       -2.76079561492616      -13.09596380899739        5.42068602034828      c
       -4.95922277157595      -11.78034535103899        5.93793011474076      c
       -4.92023246188080       -9.19158198359574        5.56748943702825      c
       -2.72632495035063       -7.96095990890122        4.86317071955324      c
        4.82178933931504       -3.12543726333265       -2.51413240555855      h
        1.18312052974238       -0.25893960229669       -2.36385354841738      h
       -2.26728711157096       -1.03343104414382        0.86152185126347      h
        5.00786514039951       -6.83235494438478        0.31746084638815      h
        1.16825021454670      -13.00307974687126        4.46699058626732      h
       -2.79029207334008      -15.13204631176974        5.54808120738006      h
       -6.65373030455809      -12.73928971515390        6.54270052668820      h
       -6.58542431270561       -8.06531260044171        5.89950188124204      h
       -3.05447299761818       -4.66770101281550        4.35193138777002      s
        4.03333132214541       -8.79462386911936        5.10076211505165      c
        4.48751723042423      -10.79636485984982        4.81666132813686      h
        5.60280665939064       -7.65219553557499        4.40807151971193      h
        3.65185089578573       -8.10446579632025        7.89172360325551      c
        1.81878903432086       -8.81491240611113        8.54562363192151      h
        5.15594151811339       -8.80912288076378        9.13395954669062      h
        3.65500688027793       -5.42919198037093        7.91396428136762      o
        2.76475479250146       -4.14145699479260       10.06118560240214      c
        0.94140163059848       -4.95552911300725       10.62943163662787      h
        4.09749746681118       -4.41364213555537       11.63495787311297      h
        2.40150238356831       -1.34293303529459        9.47916125629980      c
        1.52623369632437       -1.17202396653721        7.60268079618592      h
        1.11407993280556       -0.50505573060466       10.87251718875831      h
        4.65746870824807        0.07941016250350        9.41806437231331      o
        5.92371238712783       -0.10594307582687        7.07887115977577      c
        6.90015583672748       -1.92493221419030        6.94679288708714      h
        4.54182925931985        0.06231241464131        5.56376346532553      h
        7.28542759072488        1.45269408627293        7.00709189414918      h
       24.24799350273668      -28.64509178187636      -78.80617963661626      c
       23.71867390021593      -26.35765387697114      -77.48521091167078      c
       23.19483127914755      -24.59656313327033      -76.33928756401654      n
       22.78017861930796      -28.89731810980667      -80.22702361516245      h
       26.10687092640287      -28.48093513207804      -79.68077657522301      h
       24.24061229281385      -30.22076438634137      -77.47956013375081      h
        7.70612729053555        1.18210487845872       14.04167787754400      c
        6.60332431779856        0.98378450789025       16.49337512204176      c
        5.65929602801824        0.89730376076365       18.44021317241889      n
        9.01555413099061       -0.36845318918600       13.69939465957764      h
        6.25922363403140        1.06228376516721       12.57649492881474      h
        8.63943873012171        3.01201446971003       13.84255431936761      h
      -26.45826037558128        5.81712039694355      -26.38985245727850      c
      -28.77492041789683        4.97479964460337      -27.47666085796691      c
      -30.51350885748613        4.11113817095277      -28.43658260915333      n
      -25.67938797832094        7.31868739164512      -27.56247151965960      h
      -26.73250738196006        6.49834672263669      -24.46680785114846      h
      -25.14064333899575        4.23210673718493      -26.36307590793069      h
       -4.92253026388501        0.68298908884166       -8.57030239266578      c
       -4.61997407258783       -0.34890664310338       -6.09375545126276      c
       -4.24545388301437       -1.33960107615427       -4.20792055671435      n
       -6.59616123108979        1.86431194244762       -8.76531895717944      h
       -3.25652159080519        1.78484783822945       -9.06084352310840      h
       -5.04415278700297       -0.93541758451011       -9.83817024888051      h
        4.32225488835452       -5.28763828094200       -6.88373985557743      c
        2.16095949627855       -4.12092935295748       -8.00043570260085      c
        0.35755757125920       -3.29483606952675       -8.86232521999792      n
        5.46192658256999       -6.21586224099305       -8.32663148972576      h
        5.45988299638672       -3.82540142899073       -5.98303761945622      h
        3.69132045987648       -6.67779491355325       -5.50546103784061      h
        1.11980436218118        4.48166878792158       16.10824465199261      c
       -0.33686224576833        3.14216017608766       14.27203177530859      c
       -1.90140914013470        2.33230164539026       13.01111050561752      n
        1.98016010330233        3.23827653619156       17.50473700904713      h
        2.56561427748795        5.64540525355986       15.21482855759021      h
       -0.24174891945794        5.71933196524542       17.02532424683302      h
       -8.19607768343367       -8.68606747571622       17.30611088613459      c
       -6.79274811152044       -6.80481564408920       15.96469094313459      c
       -5.60629349440707       -5.36913306345354       14.86327389279681      n
       -9.70885212053665       -9.40968456258950       16.11142281022492      h
       -6.95252288006752      -10.23644586805334       17.86375879092571      h
       -9.06114016795264       -7.88313573766785       18.99442050014596      h
       26.59277401709918       32.78824412251078      -11.42309496178374      c
       27.03402481949758       31.51029523272265       -9.09265558482602      c
       27.38672872507544       30.45497898823523       -7.23597838375848      n
       25.38930358023956       34.42797017016260      -11.10206061992930      h
       28.39844093756412       33.37851646155766      -12.22206586765972      h
       25.68126960083203       31.47473340835297      -12.72454763317748      h
      -12.43065873394068       -1.47052891543236       15.69146324851216      c
      -11.17381898028851        0.85285251603904       15.10025758598343      c
      -10.29832915219065        2.79271454259450       14.71801315313427      n
      -14.30121587772843       -0.98398662821441       16.40433948640026      h
      -12.58719623319831       -2.67507562018519       14.03002478763999      h
      -11.35989997582505       -2.45233853569864       17.14890343219903      h
       -6.12761741928185       -1.91014723723690        9.33719370587552      c
       -8.59456563551656       -2.89301299976514        9.79001424065385      c
      -10.62091837385041       -3.65583439651189        9.81142025578185      n
       -6.33916781686566       -0.22226819312264        8.16859224847826      h
       -5.13539105896266       -1.47538443334293       11.08524460628358      h
       -5.02897558660961       -3.34596185464055        8.35481424950183      h
      -27.47933098600702      158.68738400880162      -10.77972652707622      c
      -24.85069835083637      158.38462936304975      -10.26346864181748      c
      -22.75794126959293      158.08549708928649       -9.79904834389510      n
      -27.92268920800170      160.69702298535756      -10.79890223020134      h
      -27.87611233707212      157.79717920968341      -12.59105818938452      h
      -28.57947325357566      157.75007053245960       -9.30667077425076      h
        8.19573884060617       -6.20468029941111       20.08831305613221      c
        7.99694914785937       -6.55167501480091       17.42360907463523      c
        8.10382875594451       -7.13437213853452       15.34035886850607      n
        6.31001826809191       -6.23665329964206       20.92057971356914      h
        9.36942827634158       -7.71356826397139       20.85364238177805      h
        9.09952980548828       -4.40877728689604       20.52809655561380      h
       -4.90577177322570       -7.07347615914321       -1.91109117181632      c
       -2.52792261347035       -7.59212263142299       -3.07132282938840      c
       -0.54428298591038       -7.64684898582019       -3.93333748634550      n
       -4.81459407413520       -7.47756873600969        0.11079654948824      h
       -5.25141008345000       -5.05873515741908       -2.15157527609406      h
       -6.47133772406004       -8.13985677978394       -2.72331220269937      h
      -14.43279230374201       -8.17071959984710       -1.82851161216164      c
      -12.40338902423640       -9.45485166030370       -0.58923285180367      c
      -10.79280783611739      -10.54918511844135        0.36158028239546      n
      -15.22936972092759       -6.76832444290184       -0.54750475296633      h
      -13.65731523568338       -7.21545562437336       -3.47967280792318      h
      -15.88315570846786       -9.48734862570250       -2.45957649347584      h
       -6.54413530930839        7.62461082947200       13.94835440844674      c
       -5.62530936150242        9.42124859421300       15.72816494648162      c
       -4.61649772822188       10.78018212743720       17.07926305154394      n
       -6.29430424410546        8.36845038270021       12.04681949922922      h
       -5.42535515462869        5.90711799589184       14.13891943832457      h
       -8.52475279064804        7.14907049981885       14.24547987407572      h
       40.77993849676933      -20.16506078986318       75.73104959175119      c
       40.69986505892769      -22.62289340352615       76.82769051509308      c
       40.62657511624158      -24.65964870815303       77.56603331758414      n
       42.41658428588197      -20.07262715897378       74.47219035905211      h
       39.05426489389127      -19.89880733643103       74.64112732960443      h
       40.94797712612657      -18.72490472375543       77.19298751232040      h
      -13.20331086065241       -9.65294888433575        9.87759277529284      c
      -12.83117305977527      -10.27077897336219       12.47454831066178      c
      -12.63851517163483      -10.76765195767447       14.57463440779394      n
      -11.46506178968357       -8.94624371046504        9.02990015136944      h
      -13.87124906882355      -11.31882025567793        8.85915559284434      h
      -14.67029588453640       -8.21158700415682        9.77060930298408      h
      -32.64189615848224      -16.91783798499227      -70.36489513726144      c
      -32.16091539462079      -19.55638107119922      -70.02558138650548      c
      -31.77323976691613      -21.66900688430898      -69.78108557324377      n
      -31.84397521109505      -16.29798925815153      -72.15829516367795      h
      -34.67429541333416      -16.56662812890486      -70.37199064877214      h
      -31.76436032912370      -15.85677635152887      -68.83774384269428      h
       -8.77720842623655       -0.77271677529659        1.15148603348631      c
      -10.42584361497078       -1.74584844814038       -0.76221401478156      c
      -11.80011932538084       -2.53399716908954       -2.23390937501217      n
       -7.69982251852582        0.83027992167758        0.43453084315043      h
      -10.00016628109259       -0.07078522689763        2.65390375557112      h
       -7.62673007769727       -2.31292427249087        1.88622036736296      h
       13.22825320936757      -46.80322049743152      -16.53453585451059      c
       15.73931735199805      -47.75035920369171      -16.30177591891061      c
       17.76354530970012      -48.46834656642926      -16.02046691448675      n
       12.14362688298421      -47.34318511256818      -14.86775026855375      h
       13.34050263779038      -44.74756376327963      -16.68258421329361      h
       12.32568485034571      -47.52073971476900      -18.23926382542264      h
$end
