$coord
        8.47509058962162       -5.33323456662526       -9.00099283267823      c
        9.72403704639018       -3.16583332784720       -8.24721014855882      c
        9.08827087462777       -1.99066701743269       -6.00077399186450      c
        7.05776232942933       -2.81284508000446       -4.58007933420652      c
        5.64107448030845       -4.87297296933301       -5.42248445375659      c
        6.40569736128290       -6.12534919194823       -7.61042162303918      c
        3.33216831997070       -5.45017190517161       -4.28426612130453      n
        1.97157545864655       -3.43035416930944       -3.26058823600811      c
       -0.65183707172045       -3.61904492405359       -3.43159875691314      c
       -2.17316275740464       -1.95461699761707       -2.10827252289040      c
       -0.99904743005077        0.03436603525020       -0.88480408503028      c
        1.58917433285703        0.40031163809244       -0.79743005426033      c
        3.06198700943132       -1.36112542815438       -2.04317800263955      c
        9.06844125719241       -6.28775310201534      -10.70489199677295      h
       11.24992154069691       -2.40488006459168       -9.36495067735703      h
       10.04848395469167       -0.33163308426347       -5.30405571019831      h
        5.28056698156606       -7.67945021406724       -8.29537924875282      h
       -1.48654383863499       -5.22117390845314       -4.37252701625022      h
       -4.20911546313194       -2.08698210021239       -2.09790069610714      h
       -2.06307004109895        1.34435981425771        0.25907069298965      h
        2.34612126845353        1.98748725558713        0.23188221565231      h
        6.38871745517357       -1.33069999142963       -1.66037286327656      s
        2.64009024125811       -8.04663723865982       -3.76687063887044      c
        1.28467566805427       -8.79972189910958       -5.14152692417883      h
        4.34934001301901       -9.19828185378394       -3.78675731032486      h
        1.52515236691057       -8.47362230987171       -1.12378366772258      c
       -0.29644507090732       -7.52186655989615       -0.86228954990309      h
        1.29371305308943      -10.50751155154424       -0.78955211212912      h
        3.25176707909915       -7.59168897414185        0.71974279210534      o
        2.13912120362603       -7.69363643017321        3.13075823047202      c
        0.97327337968272       -9.39360497937194        3.37802226855346      h
        3.72928915454945       -7.78254481325301        4.46885693145672      h
        0.31669740803056       -5.56580323926158        3.80421084469030      c
        1.26058355743794       -4.05468254755318        4.87289100899880      h
       -0.44411007789291       -4.65309228033818        2.10448546290376      h
       -1.80061843404123       -6.44877246744404        5.16564979901596      o
       -1.48770162917325       -6.42050086638363        7.81344842288740      c
       -0.52591207757638       -8.07609084615752        8.59676869145917      h
       -0.49345529956548       -4.74844489713825        8.48364636866802      h
       -3.38718306789393       -6.33295225767055        8.63386043328996      h
       24.36936612791493      -17.09282726383146      -51.79511437155251      c
       23.73508928710680      -14.75251194740019      -50.62117787770521      c
       23.11596627088965      -12.81753337241544      -49.87182040424192      n
       24.81060263625411      -18.45840753153621      -50.31951376839087      h
       22.72879109490188      -17.73643265400602      -52.86356097747230      h
       25.96082539454817      -16.79380003723712      -53.06812578725420      h
        6.89270315233002        5.35063674965743       -3.21500364500758      c
        4.94998087429814        5.61519862806353       -5.06491226644581      c
        3.29031765172265        5.71498703426665       -6.45214223568052      n
        7.09695215071781        3.35347380532360       -2.76156203533653      h
        8.66553316567870        6.07216882725986       -3.98384274937421      h
        6.28752041760512        6.47018115960791       -1.59029945083061      h
       -0.17189245573697       10.13843708990053       10.31628147152331      c
       -2.57208061037130        9.37412325340440        9.36103716613061      c
       -4.32479735846199        8.73736254632677        8.25986938843867      n
        1.13511202698602       10.37884786771048        8.74455533243117      h
       -0.31882665497611       11.91536020927105       11.34503598715443      h
        0.55469573314657        8.66307784460496       11.55905443607179      h
       -1.97527336873527        2.17681250859945       -6.95146721859502      c
        0.03026557080157        0.55973662148108       -7.75924994976326      c
        1.53127422435428       -0.77770564298230       -8.55695621948873      n
       -3.09452191013921        1.29471585537841       -5.46695249781432      h
       -1.24390688578148        3.96192690315031       -6.23818055180909      h
       -3.18390081338934        2.59034429557178       -8.56693379531336      h
        6.09177059348766       -9.15158024518672       14.44038389751012      c
        5.34671598704582      -10.41811004925653       16.70317266317758      c
        4.73761196128311      -11.40505149768398       18.52868109084015      n
        7.76344258858758       -9.99002924098248       13.57730592840669      h
        4.53096621820956       -9.26290215385482       13.10057197925209      h
        6.46167558194777       -7.17308776882337       14.86347258341397      h
       -1.48403855729771        2.74234815466145        9.33465318125137      c
       -1.98497443619782        3.80140046600610       11.76679423461543      c
       -2.03610617264782        4.76635222325332       13.70582851086925      n
       -1.65709792892913        0.69321197067027        9.42136275167270      h
       -2.82447295266453        3.51251703161221        7.97343434392695      h
        0.42039694558837        3.29003207737586        8.78707652117039      h
      -15.21027664734883      -13.71620704881356       -3.03244441650333      c
      -12.66979801981163      -13.16616337844462       -2.28996875454635      c
      -10.63103859812593      -12.64910593578719       -1.78194299627700      n
      -15.37386113476626      -15.48595576736600       -4.07197189249724      h
      -16.41589653801560      -13.84513287934747       -1.36183623276648      h
      -15.86312159931467      -12.15969836261956       -4.21333222207422      h
        5.10214496349123       26.95874553753475       -1.93736157786030      c
        4.49493626822501       27.36868348803200        0.65533042126714      c
        4.01322023095221       27.66173861841211        2.74516558219359      n
        7.08087288743165       26.40412627985940       -2.06827733102566      h
        3.85797840169340       25.48464260506019       -2.66281252817704      h
        4.73307345423648       28.66467700726398       -3.03440934099713      h
       -8.69805555243003        4.21976119829619       12.57709988109011      c
       -8.29426805493320        1.57020642744543       12.19751227460111      c
       -8.16793690842068       -0.54054364385044       11.74537014477427      n
       -8.04191712791227        5.15887527341210       10.86495296047765      h
      -10.71742574920898        4.55271776844444       12.79412163720264      h
       -7.64401169929524        5.01214080002379       14.15688862012732      h
       -7.19249493850403      -10.21420671156604        2.45252669054076      c
       -8.64160142163657       -8.07965559597449        1.67748670388107      c
       -9.59260870466917       -6.27366030732567        0.95469608000134      n
       -6.15138259050707       -9.69451224906657        4.15702701292399      h
       -8.40781557231243      -11.82820456974744        2.83621988438811      h
       -5.87810927172599      -10.71928699853167        0.95221635229748      h
      -14.02845784804581      105.86666019419940       -8.41557497283123      c
      -13.10294575865309      107.40549092095367       -6.40477426736923      c
      -12.37362125587522      108.63877366254064       -4.78246172646508      n
      -14.27439614164119      107.07786399865962      -10.06120030579675      h
      -12.71316397652948      104.35499550791614       -8.88000400250356      h
      -15.82187632695540      105.02360098845853       -7.83967207487291      h
       -1.54709417210320       -0.17650291067855       17.76127953742746      c
       -2.00717522171932       -1.90281269805635       15.74416527957180      c
       -2.00304168204290       -3.63173934957048       14.43967834690329      n
       -1.34055739414926        1.76257198654253       17.09272644174396      h
       -2.98958259640476       -0.36712491081780       19.21830018129774      h
        0.21195147020113       -0.74365131862463       18.66660620589242      h
      -17.84638040194861      -12.43075248749886        5.68401939078054      c
      -15.28873770227668      -12.15520311325252        6.49138216683478      c
      -13.18603089408697      -11.97750451476335        6.96881038299722      n
      -18.81508759047421      -13.96482737105313        6.66781549546833      h
      -18.89681128008774      -10.68110021871624        5.95195904542127      h
      -17.79898925992860      -12.84134516738540        3.66485245652765      h
       -2.63303474213264        7.40241277563706        3.12548126914998      c
       -0.14034419531556        6.48095448803646        3.61608612792732      c
        1.86624367356257        5.78650221492446        4.04843351386681      n
       -3.55839608514107        8.01686480932648        4.85994989505809      h
       -2.50533790294152        8.97307264015239        1.79998198677645      h
       -3.71295957966611        5.89419416146190        2.23421933287371      h
       -6.61757590753088       -2.14452405789577        5.12289591752539      c
       -6.20066871671620        0.18179573291826        3.83670053716154      c
       -5.49578495621318        2.08375491675783        3.07804547993606      n
       -8.50691806921478       -2.89373129780517        4.80568532373793      h
       -5.26325531556071       -3.53376135276818        4.43470904521684      h
       -6.35572813770102       -1.77965383494890        7.13176953741339      h
       27.54810882545417       -4.62054022209934       56.41514270745475      c
       29.19948010108935       -5.85152026814908       58.14939622502843      c
       30.72745664606352       -6.64680739488192       59.46533685616507      n
       28.07930206988139       -2.62336755659787       56.38328263620966      h
       27.83903290618553       -5.47130986027115       54.56356904576226      h
       25.57309413987479       -4.83088915139278       56.95793113676417      h
      -15.75105862372440       -4.85391403227086        0.02895052213360      c
      -17.04361456052055       -7.16351315504132       -0.48039185464517      c
      -18.13371141220843       -9.02472791985974       -0.68515975479500      n
      -16.65975944937189       -3.32827490792660       -1.01326485478780      h
      -15.90910003072246       -4.52844756728730        2.06059460125552      h
      -13.77031566792355       -5.03899306116146       -0.50341935810966      h
      -19.84695106247507      -23.52875611025960      -43.82262549359746      c
      -18.56675620319423      -25.45882996555905      -42.42824320391207      c
      -17.40734725831343      -26.91445525629419      -41.32815941949436      n
      -18.95357419757226      -23.39327685539403      -45.67213815534204      h
      -21.85554239899500      -23.95540397946635      -44.01647563927065      h
      -19.64776853132610      -21.73848601932718      -42.83097468856980      h
      -11.49121916640681       -6.90453330024082        9.77696318344296      c
      -12.62188026095152       -6.43136378785790        7.36347044162680      c
      -13.61991107866704       -6.26976449948777        5.45205224437909      n
       -9.47069044016791       -7.25123747611539        9.57289596297889      h
      -11.90436910212947       -5.36776202074506       11.08586882945252      h
      -12.44091677306788       -8.58761784458894       10.48475904294419      h
       -4.26843129310231      -22.68303055936681      -19.93987781758721      c
       -2.48013249902262      -24.42497680602059      -18.92779939089054      c
       -1.10500315726589      -25.93019014742198      -18.19602652717554      n
       -5.27420795671457      -23.55154662657215      -21.51475666593587      h
       -5.68636956001156      -22.19646163034530      -18.52109502662565      h
       -3.35239979205074      -20.95188815332736      -20.57201165140633      h
$end
