$coord
        4.57721511499801       -6.05347832082298       -9.12945179994748      c
        5.20710825396911       -8.34891434430025       -8.05246893999436      c
        4.65551383759309       -8.84920826804536       -5.54704685455810      c
        3.54329914937365       -6.94410375707882       -4.15031099197579      c
        2.99570519985254       -4.53476012952774       -5.07550453641650      c
        3.46571003154438       -4.20687772884499       -7.64683744312511      c
        2.01720338445630       -2.68397552771740       -3.47023850955155      n
        2.72513420916551       -2.55124401405449       -0.92858342906404      c
        3.11859802775075       -0.25841681540113        0.31047777928839      c
        3.32550549210373       -0.13246361014767        2.91379681383294      c
        3.35896616112169       -2.36574505164759        4.27129819105029      c
        3.23610688247146       -4.68778009022568        3.07400894487544      c
        3.00580132810890       -4.76690208843371        0.47315802331135      c
        5.03328812891041       -5.70759413867890      -11.08873858763691      h
        5.98397027794086       -9.90182070619579       -9.12096536883868      h
        5.07990141754850      -10.64113493341010       -4.67028384097176      h
        3.20649835328999       -2.40244447236172       -8.55631286713852      h
        3.19620569094446        1.45995440721449       -0.78042843199200      h
        3.74862885279540        1.60808601447838        3.89062090762677      h
        3.44296046975610       -2.39573032621862        6.30813969428590      h
        3.34498306935522       -6.41537411636540        4.14878519891568      h
        2.77303861752277       -7.76367911486666       -1.00323986361836      s
        0.26916610775130       -0.82703908932025       -4.46243603933304      c
       -0.37006994135065        0.43176101766352       -2.94560881354311      h
        1.18705894875286        0.33309818952993       -5.89762591754544      h
       -2.14060626718627       -1.96633998944306       -5.60537186715119      c
       -2.63553990202107       -3.62689316280849       -4.46957288718135      h
       -3.64922292857454       -0.54308950753071       -5.58501930144082      h
       -1.87024574012364       -2.63067917597271       -8.18280339592999      o
       -3.15353032145026       -4.68459175475211       -9.27641822480068      c
       -5.20161793943988       -4.63775060061328       -8.93970359492734      h
       -2.76105277268765       -4.35978383834367      -11.29322464622770      h
       -2.34472389702861       -7.35007686663347       -8.53921927132712      c
       -3.02987918044006       -8.58638453461716      -10.06191086543553      h
       -0.29739327104024       -7.67705013461767       -8.48960586159314      h
       -3.44122185265501       -7.87118305591492       -6.16386295404568      o
       -2.96703494859650      -10.32538508350320       -5.23564264021696      c
       -4.36809220746001      -10.68600503418983       -3.75692705752788      h
       -3.06935224617825      -11.74443636690211       -6.72200963411537      h
       -1.09982371128648      -10.44637395624856       -4.34814376710778      h
       24.64387618827242       -8.18422505010744      -36.45950230506110      c
       23.27670548033100       -7.85662191333134      -34.16145308391386      c
       22.35523635917261       -7.77377160711922      -32.20364244357918      n
       24.61240188086851       -6.39296382376913      -37.47305489416411      h
       26.58154177700908       -8.66448636894905      -35.94755150785546      h
       23.84644942151650       -9.69867024814903      -37.60548844716511      h
        4.55793417628307        4.90327099774723       -8.40508167136884      c
        4.19914591390072        5.45209379616439       -5.79043269618076      c
        3.84138898561014        6.07933275996464       -3.74900476738283      n
        2.91569310558488        3.85944025841890       -9.07549081979166      h
        4.88921278759353        6.63911539237158       -9.46891769396907      h
        6.14608342235068        3.60658781649435       -8.64105676858792      h
        0.16094809409971        5.61636845769356        9.85915913842758      c
       -0.34926239203083        5.37441260145857        7.22501542086635      c
       -0.72182718287974        5.01217157911202        5.12262925507954      n
        0.95601891940664        3.83675370742561       10.52038137007532      h
        1.56017825549063        7.09384704557400       10.16995370449931      h
       -1.53372808630596        6.02956203211458       10.95754142795143      h
       10.74875040406348        0.19830399736205       -3.69009196482987      c
        8.69196333330436        0.16266836368820       -5.43880316186672      c
        6.95812470481571        0.24139099888177       -6.72943108603440      n
       11.75542949413852        1.98993195672625       -3.79621559133883      h
       10.04720855364214       -0.07880169606749       -1.77662399545807      h
       12.05565985985178       -1.34502137959769       -4.07952174605480      h
       -0.35491955985485       -0.69548264225746       14.33540920487982      c
        0.11055429259357       -0.60209353067327       11.67946687197210      c
        0.63075647808338       -0.55442639041540        9.58073876041428      n
        0.94673871630233       -2.01711302469875       15.23059992356698      h
       -0.20055253526421        1.20753595386733       15.10890121263770      h
       -2.25764460298196       -1.39038176886639       14.69180621629976      h
        7.19023387841810        3.56143619632101        9.95854146645176      c
        6.21563974724955        4.98063101493177       12.03793825463644      c
        5.38128071885147        6.10717770327338       13.68970635079622      n
        7.64413144986260        4.87228985743401        8.43799325280068      h
        8.89935998767027        2.52176797274240       10.44927471165362      h
        5.72101950580788        2.28218573956374        9.30157886575055      h
      -14.01571555466013       -5.06115647237074       14.02889585110900      c
      -14.78939792721474       -6.63272545951615       11.96990670351125      c
      -15.41889524250263       -8.07612281016899       10.48588656626285      n
      -13.60904999372178       -3.13438756440373       13.42758687767996      h
      -15.49660340177449       -5.12212802764169       15.46567229434422      h
      -12.31075556353662       -5.94412296816401       14.77515547538556      h
       -8.66306878889908       17.73611830619527        7.95765091220632      c
       -9.50121255118554       15.34917459471648        7.03092653183464      c
      -10.22874664291801       13.45947153001060        6.26603495621029      n
       -7.35536784338770       17.46418642433851        9.52483850184942      h
       -7.68149487235923       18.72100137433027        6.43655691155708      h
      -10.27601486486855       18.87878306375584        8.54301572222098      h
       -3.88220825866047       -2.61906590300709        6.26900968060940      c
       -5.65810583921022       -3.35236096163404        4.36224862629152      c
       -6.96810663926022       -4.09459135039397        2.81026606147691      n
       -2.02086752259997       -2.39964150624178        5.41392865850796      h
       -4.41843427650135       -0.76817179566633        6.99182858813175      h
       -3.87191230504406       -4.02544599956439        7.77120652353664      h
      -11.18095269217684       -9.54385960132445      -15.76776013178789      c
       -8.57205744371625      -10.21148170033273      -15.69810842020568      c
       -6.42555267877635      -10.40946267920813      -15.90251230242231      n
      -11.31575232255027       -7.63681282173457      -16.54514050497465      h
      -12.21302017341512      -10.75170536515687      -17.07357754672077      h
      -12.12051447823264       -9.73518271164736      -13.94724756495610      h
       -7.14896219693882       75.41391072320810       -4.95369451167195      c
       -6.44535828041386       78.00571002463401       -4.71830118109674      c
       -6.05895200547778       80.12772310972871       -4.53788724371771      n
       -5.63556358132380       74.29227310221809       -5.78263161068963      h
       -7.69408912199715       74.74311713181420       -3.08722859740296      h
       -8.79561283694444       75.31733002225619       -6.19384637766592      h
       -8.51314654351997        6.83752223531652       12.60975109759489      c
       -6.14688479431891        6.16923956370444       13.71191877474192      c
       -4.15439462143354        5.60031353681917       14.34215420444796      n
       -8.99456088959201        8.83940139789178       12.71149678679846      h
       -8.39963665976746        6.31453528633444       10.62138017763801      h
       -9.96682056530967        5.66360927268879       13.47246510555340      h
      -11.14771848589534       -2.26100519271421       -1.52524818457088      c
      -10.80919008939978       -3.40891900437276       -3.94123466937572      c
      -10.68225029398396       -4.39462431286554       -5.86299473448522      n
      -12.93994646281836       -2.91525477070426       -0.73815828533038      h
       -9.63257649052717       -2.76534125083880       -0.22660673125112      h
      -11.17834984654373       -0.20583940810529       -1.67763812851816      h
        3.14295987759261        8.78329396945540        2.02333777479675      c
        4.82051060180017        7.55806212529861        3.75189646955083      c
        6.03324241541456        6.60088926157418        5.27133213929307      n
        1.25401337862993        8.90009111000031        2.83602829591543      h
        3.88392474734864       10.67910181918271        1.71171155797419      h
        3.16607154481339        7.73817377954885        0.25062840171582      h
      -13.11321986026307        0.02807814394435        6.24728538188705      c
      -10.91706010064925        0.11586387098030        7.79939681723466      c
       -9.16883169588239        0.29618849295168        9.06472200237229      n
      -13.02284296386014        1.56835427396585        4.88679675167267      h
      -13.10539092744227       -1.74591856717083        5.20294823552094      h
      -14.78783690052575        0.22641969280742        7.42778788222178      h
       21.01985024331821        3.33659611060798       45.03461678856119      c
       22.01121773193077        3.51910801965157       47.53138552686288      c
       22.86979102747021        3.92621027981096       49.47972156732784      n
       21.88154982732400        1.73691373208869       44.04954313767496      h
       18.97112398703203        3.14929217245943       45.10101546486928      h
       21.49223644874506        5.07214428429610       44.03248268125235      h
      -11.59323132270539       -7.43462242991714        6.74283356696885      c
      -10.35221186048170       -6.86806655141940        9.06732571480527      c
       -9.32085224544143       -6.41569601879354       10.91827673669798      n
      -13.00885983286329       -6.00251978927486        6.31317932452809      h
      -10.17558103704061       -7.48052928628946        5.24395285174212      h
      -12.46423864098309       -9.29841136118140        6.83584789104619      h
       -6.84422555765067      -21.57486141189799      -21.99420625023356      c
       -9.05006414158588      -21.05594946389552      -20.51996323557475      c
      -10.87401088536465      -20.76975959869536      -19.39543130710321      n
       -6.69044264531605      -20.14735049167680      -23.46924432625710      h
       -5.18763116526877      -21.55087855197370      -20.76572536638642      h
       -7.07576368640672      -23.40716553983792      -22.89817730949408      h
       -1.15088334811583      -10.39999264029401        5.63503941571669      c
       -3.05843210223267      -12.21878685539633        6.25186716050660      c
       -4.56583735070741      -13.71161847637144        6.67005675407485      n
       -2.01183288751422       -8.54938714811585        5.35502378664744      h
        0.25065366599045      -10.39994285596220        7.14543235155753      h
       -0.23041927591889      -10.87772905913243        3.85734767861535      h
      -15.01197715771246      -17.51128486774758      -21.16741393170090      c
      -15.49769544647365      -17.34130301290300      -23.81162949740423      c
      -15.91490366416931      -17.07727485796414      -25.92074444691510      n
      -13.74648628582439      -15.98777459754439      -20.59855581864423      h
      -16.73655252077413      -17.33012524996825      -20.04792124776306      h
      -14.06153361287993      -19.26789399894935      -20.67088361738903      h
$end
