$coord
        0.47621642404343       -5.49751181299851      -11.10124647278587      c
       -0.35433197986954       -7.62700077086506       -9.83588086431067      c
       -0.80950370526834       -7.44416742148578       -7.26857080971900      c
       -0.44492904801510       -5.15044703928481       -6.07557126171117      c
        0.69222979295805       -3.06466471260003       -7.22324753543206      c
        0.98792287342947       -3.26734604997260       -9.83316137361292      c
        1.29145362535791       -0.89462385227031       -5.84789232099842      n
        1.51910699712444       -0.92723371428344       -3.21618093565063      c
        3.26491456947369        0.60834834984101       -1.97469525962504      c
        3.51465463405856        0.53803124706390        0.62696388805180      c
        2.00868562602479       -1.09772334759161        2.00095073760482      c
        0.25108960494070       -2.63238484534516        0.81937848841510      c
        0.00788579647508       -2.54159086966081       -1.77991657532114      c
        0.59540837409493       -5.59821563670116      -13.13646026997192      h
       -0.57424733052056       -9.39034909413768      -10.83535939302966      h
       -1.60807743823811       -8.98361531168412       -6.19516521780801      h
        1.64128450796811       -1.79323764885324      -11.07832748199778      h
        4.49452347153818        1.87042230125987       -2.99652218620128      h
        4.90895058574469        1.68670122077883        1.57524010412904      h
        2.10311743844802       -1.13527415165115        4.03720957204733      h
       -0.86041705114173       -3.93783776219555        1.92025304176923      h
       -2.07802160979918       -4.75138979334270       -3.18717659430753      s
        1.33843079971094        1.61571650159730       -6.93614212937281      c
        3.09566962447507        2.63422242104619       -6.52538346791746      h
        1.07866005104758        1.62052793808745       -8.98082102159612      h
       -0.89678934531156        3.18914261746003       -5.96689866884343      c
       -0.67963456679491        3.50010160750779       -3.93009141907981      h
       -0.96773721173569        4.98153567156847       -7.00818341734967      h
       -3.08297012559329        1.75304634931450       -6.52889132280886      o
       -5.38418138187693        2.70808554450729       -5.60493435680875      c
       -5.19955248424470        4.76870679119711       -5.77809893884372      h
       -6.86841589402061        1.94913242062890       -6.84915500367160      h
       -6.02701628571389        1.96539825919536       -2.89613021276946      c
       -6.24582185193091       -0.09943603082365       -2.82494326423536      h
       -4.49852537505857        2.44903458057171       -1.58055157790262      h
       -8.18778942642774        3.13967932861480       -1.86254399712440      o
      -10.41306742372521        3.16313167740702       -3.33126506839463      c
      -11.93793102966496        3.65166052795618       -2.02140304841739      h
      -10.42013606642870        4.59934450362475       -4.80459631659773      h
      -10.68142865797119        1.28976836055381       -4.17225406525114      h
       23.34986247344344        2.48937509861430       -5.93083075690259      c
       21.09966346055112        3.47297186634688       -4.82328771774861      c
       19.13914302033520        3.85598079267664       -3.98743140010613      n
       24.32271152423094        4.00278469089157       -6.93085695369548      h
       24.54582409736235        1.80212372461045       -4.39960450649013      h
       22.94590383234679        0.92347496995790       -7.20656276146377      h
        5.29228561663910        1.07979489748799        8.78817606005289      c
        6.24099277810690        0.10952701980906       11.11730888410179      c
        7.07084615460745       -0.73878422353042       12.92853999410952      n
        6.74373208699949        2.02531188963495        7.67674116129210      h
        4.52175503671947       -0.53331583765851        7.75919367672154      h
        3.67826924931596        2.30915754890655        9.16620804831169      h
      -14.37110264785305       13.54627398530743       -0.70873315418622      c
      -11.87694663770281       12.57628893431697       -1.01838666890520      c
       -9.83152818260313       12.06606159430862       -1.51435247094032      n
      -14.57010382036320       15.26716009815814       -1.82018744302936      h
      -15.68457021851591       12.17138085857647       -1.49730979305901      h
      -14.90062621609153       13.94438247162146        1.24324388566890      h
        9.28340728946600        7.94210860530995        0.65788887005517      c
        7.94006135263417        6.77015074003836        2.68558960228781      c
        7.01525364019464        5.82092088440587        4.39491913686002      n
       10.73635490816038        9.13134898659476        1.50005648527504      h
       10.05007155816709        6.45746590808661       -0.54143183922734      h
        8.04378335655782        9.10411260380657       -0.50598410915725      h
       -4.84234160241510       -2.67021489413013        7.31758776042639      c
       -3.36375196883318       -0.61428167435920        6.38682011997395      c
       -2.12166298406495        0.97710809319531        5.61078164287890      n
       -6.81662277741139       -2.14716353553167        7.05109446439894      h
       -4.31240043076048       -4.35894824698785        6.26357596776261      h
       -4.53133185416166       -2.98021737787782        9.32692536576193      h
       -4.75414012953076       10.49885977329156       -2.34463583740856      c
       -2.08372327717331       10.89433088418490       -2.36238665391686      c
        0.07611375540244       11.02382410427584       -2.25313569767871      n
       -5.78993132887661       12.06483755632775       -3.18800845413785      h
       -5.13309743318166        8.74337267914159       -3.35334670513797      h
       -5.39840601784675       10.25585170477664       -0.40748819040090      h
       -7.33285258008488      -19.31372407216699        0.78510294845094      c
       -7.01459057793758      -17.45375486548182        2.72083889455939      c
       -6.96467066699312      -16.02628753677880        4.34620764581612      n
       -7.35262815413411      -21.15336911111490        1.70960435030675      h
       -9.10136617128403      -18.96385220228621       -0.22039307169475      h
       -5.77134205245730      -19.26809450264380       -0.55766458367966      h
       -5.91529818888137        6.20710761525181        9.21560597961441      c
       -5.94907290325459        3.66385449561386       10.10415882740903      c
       -6.00967739528324        1.61854794096055       10.81012684572929      n
       -4.11892480360113        6.55214202620368        8.27003759588494      h
       -7.47337723986242        6.50300930853637        7.89953575764796      h
       -6.03520529233449        7.58125749845747       10.74768435162648      h
        1.28939838047655        5.77919916393466        4.15913181334741      c
       -1.04618441478913        7.07654469710465        4.59412509133620      c
       -2.69048156383984        8.34394661143544        5.19880451118875      n
        2.02845886552150        5.96632384110973        2.24532045623580      h
        2.65843899713299        6.55563067890479        5.48529032739321      h
        1.16799384929281        3.77617238755629        4.61492892882014      h
       -6.21084669243339       -4.85775144935256      -10.83294903132006      c
       -8.75276720944884       -4.24491875210477      -10.18488945395803      c
      -10.73137764425903       -3.53506820153935       -9.66558890120115      n
       -5.09558197270598       -4.08461917413033       -9.27803112530380      h
       -5.93522375302419       -6.89557793498561      -10.85551019049464      h
       -5.69014246509581       -3.98692424697542      -12.62296969588941      h
        5.34458830288325       29.31823008960839       -4.67210935924345      c
        5.74511521759096       29.42753419832655       -2.00836708328798      c
        6.15928901435575       29.25994563303687        0.10945554155132      n
        4.31096404578901       30.99170554212443       -5.27765361168590      h
        7.21340436413192       29.22930317341582       -5.52676774047078      h
        4.28674301652332       27.62432291298243       -5.19211382062501      h
        3.19045287744334       -5.46770160437501       13.77743041028924      c
        2.93250631294124       -5.37588015610351       11.09683301885658      c
        2.87856445987249       -5.43021884109048        8.93234042386569      n
        3.83972382156866       -7.36522854996887       14.25436947483353      h
        4.66869358630872       -4.15258396539122       14.34777132599858      h
        1.47356831808932       -4.89487530807158       14.75706948111816      h
      -11.26775014739714        6.15833979857924        3.21461382079097      c
      -13.39624529767572        7.06790148040418        1.83204222004607      c
      -15.04655619993672        7.65868229344415        0.56383783134407      n
       -9.89892257274570        5.59819756301008        1.77510491569256      h
      -10.46216442769645        7.63503468456178        4.40073506748570      h
      -11.71020160153387        4.51155308482234        4.37228286141729      h
        4.74400588229574        8.79871664352811       -7.44917869677975      c
        6.07353152987521        7.32302748269256       -5.61669739579579      c
        6.95992514069221        6.06139675609247       -4.09414119857702      n
        3.31239565634234        7.61873892568155       -8.34381330232006      h
        3.65324567016594       10.17100819428500       -6.36876891356450      h
        6.03332637027049        9.76822243088145       -8.72707544123839      h
        0.15115958606934      -13.89679976663678        1.01321871389398      c
       -0.25442762254119      -15.30275247032304       -1.24480474536501      c
       -0.69778861418665      -16.37759515956490       -3.07182734323751      n
        0.74346363924279      -11.98938171551143        0.52079598909799      h
       -1.53905155703638      -13.89517913184102        2.18835673292867      h
        1.72865165750752      -14.77955146591609        1.99786888365442      h
        9.51894568574678       16.41564940543320       27.66475768923340      c
        9.66756514292670       17.62609653688176       30.06532100351962      c
       10.18104909266387       18.41056335190239       32.01976203105376      n
        8.82349489342284       17.72168539637460       26.22167135477071      h
       11.43194128573796       15.81689187884555       27.19709533087342      h
        8.26360766321562       14.78577347588894       27.74949176019217      h
       -7.52612101379774      -11.72591680434728       -2.23488025803015      c
       -9.29175980156796      -13.76197183338975       -2.27200443160572      c
      -10.76778808197603      -15.34486473977763       -2.37276157583087      n
       -8.50758533665004       -9.94673768439957       -2.56770793455958      h
       -6.50720131157193      -11.64615105501549       -0.44213843723286      h
       -6.03883147692555      -11.94802442693567       -3.64188154828496      h
      -15.32739572826609      -10.38559601047018       -6.87632927438249      c
      -13.19352412703059      -12.01794464989679       -7.17702154769535      c
      -11.34241355492006      -13.07597775762785       -7.53369228381198      n
      -14.74775835764359       -8.70604181452016       -5.83695823445470      h
      -16.05221593615437       -9.83554882881717       -8.72730988060491      h
      -16.83332243862860      -11.24095142528710       -5.76787816780436      h
        6.44735767184795       -5.71393298488689        0.01208296152071      c
        4.45781219417034       -6.67883195598293       -1.54929779947109      c
        3.06368582362043       -7.65066310335160       -2.88633005481222      n
        6.37588384320668       -3.65636559050962       -0.06335879752701      h
        6.21103904539487       -6.32624432673767        1.96523967629261      h
        8.18846739721119       -6.47215522315695       -0.78120769636364      h
       -8.84610338929594      -19.25486407240685       -7.84032074808205      c
      -10.94870399567688      -20.84457175225651       -8.39583152889081      c
      -12.66160453850794      -22.08108676669552       -8.87451909212952      n
       -8.10228297681462      -19.65592467392234       -5.96095068582044      h
       -7.38921182736270      -19.46741663718335       -9.28687916147512      h
       -9.38509309693698      -17.27499784862890       -7.68163629463378      h
$end
