$coord
        2.06692784251610       -2.79991957428662      -12.16269143455322      c
        1.73185017724374       -5.33336659993467      -11.61950350075775      c
        1.10222770148403       -6.07873445957291       -9.19469576005562      c
        1.02009889919010       -4.39702927258946       -7.19909099594025      c
        1.53078955794739       -1.85820333514958       -7.70340927561403      c
        1.95337213514281       -1.08870493741173      -10.18724915282479      c
        1.35152751713439        0.02456285110662       -5.86416892435490      n
        1.52546779557903       -0.56769324179507       -3.29555611225636      c
        2.19637668220192        1.35832104689307       -1.62597734810878      c
        2.81936315400580        0.86554907184426        0.86500811022027      c
        2.78373020942590       -1.60320258761824        1.72260425740337      c
        1.89454665075269       -3.54395744068428        0.21155631624341      c
        1.29385955339432       -2.98519392047069       -2.26850111216871      c
        2.23874449320706       -2.12924471393985      -14.08287826338995      h
        1.88060847183803       -6.83384806110307      -12.99178035468491      h
        0.74939196322299       -8.06550348370273       -8.89792112758456      h
        2.29250583402011        0.86223267549279      -10.66594153563704      h
        2.43350171558338        3.25913030904657       -2.31850521019462      h
        3.65094546059182        2.28912255824091        2.06694034086762      h
        3.38254529323360       -2.11365586674473        3.60343796191617      h
        1.64642615074040       -5.43614650698697        0.92544420179112      h
       -0.06128009100923       -5.36961844113921       -4.19014572655786      s
       -0.17770559210301        2.17337196591264       -6.59380488738945      c
       -0.27506834212893        3.41581738988261       -4.93826415573609      h
        0.69759077411231        3.22961494115741       -8.13212306045936      h
       -2.90930442514813        1.44800718174802       -7.24459323250431      c
       -3.32146499575232       -0.38186559426275       -6.36474963820413      h
       -4.31609282019808        2.74935863269373       -6.45123883133080      h
       -3.12964567723814        1.23823591837498       -9.90260760267185      o
       -5.58893740069886        0.71705987903411      -10.76378664382999      c
       -6.90035223182707        2.25854434724371      -10.30091463134818      h
       -5.49360646529782        0.46769776366800      -12.82674022979763      h
       -6.82111954943411       -1.64931143553776       -9.67545996390350      c
       -8.45285138675913       -1.98703591473582      -10.91637796676856      h
       -5.49277286949917       -3.22864395776945       -9.88073924192756      h
       -7.52486464287707       -1.39116100924788       -7.11532749434576      o
       -8.91988943874523       -3.44064554622138       -6.13396481178554      c
       -9.25389750224807       -3.16958845545979       -4.11045928103361      h
      -10.67249548439683       -3.67703481454707       -7.18560846692414      h
       -7.85028676706630       -5.21204922969120       -6.21672637738593      h
       24.90889146218757       -2.76008231237716      -21.77056640481599      c
       22.99562549166375       -2.19546661237587      -19.96000510509658      c
       21.40821544851858       -1.54437242342092      -18.63894578397338      n
       24.46485805108789       -4.44474624033698      -22.86675892602073      h
       24.93442304796010       -1.13997612512771      -23.04410343493060      h
       26.73009058975238       -2.92217039736522      -20.82205223277293      h
        9.45223701224403        0.45983148548447       -0.42355647795335      c
        8.71198975439910        2.27931603874108        1.42247567302658      c
        8.26367678427440        3.75729688133773        2.94018277113892      n
       10.68294010382627       -0.96549129949039        0.40699251635410      h
        7.77951356287337       -0.47013761417586       -1.19284322504113      h
       10.50076054694243        1.45281198259154       -1.89796404588880      h
       -2.16751735032481        8.26382714014449        0.79355588609775      c
       -2.35328836537568        7.45263420817920        3.35578648820752      c
       -2.64425075535565        6.83603752576145        5.41131563920278      n
       -3.54621111951571        7.16390509024968       -0.26746065062543      h
       -2.72545056163241       10.24186759373799        0.67759132186128      h
       -0.28411577226887        8.05035854110150       -0.01658582577484      h
        5.17552786597942       -9.40610615811130       -0.23298859490683      c
        5.80059379327486       -7.60442147868614       -2.14423392346365      c
        6.34894207992258       -6.28140739036490       -3.76505530788780      n
        6.39633218257425       -9.19140270624816        1.40961148046597      h
        3.21905625364538       -9.19262099552671        0.36446526818453      h
        5.43685487528537      -11.32210953210148       -0.94162133784714      h
       -3.11959734770120        1.83759850297853       11.77715694536638      c
       -3.47445242767511       -0.22331437909773       10.07241852733393      c
       -3.71067517590962       -1.86883982992193        8.68894935160280      n
       -3.95834085268327        1.27416416072050       13.57199360459716      h
       -1.12499420027412        2.17935201545001       12.16233438828127      h
       -3.97760488516170        3.52386124444888       10.97055465920311      h
        2.90700075365371        5.06596157726140        8.68687797743533      c
        3.61145477140663        7.60180012935757        8.08595699180814      c
        4.00934348845355        9.66805241271443        7.57031531084794      n
        4.28280108834107        4.11006374591840        9.88264550139722      h
        1.07605984223409        5.18484540025780        9.62302070475448      h
        2.64395886037589        4.05121927842427        6.91832504018697      h
       -6.93171073803429      -15.90045704598247       11.47032231868021      c
       -4.75813749653103      -14.61447183807813       10.50612772537629      c
       -3.05157764764145      -13.43911375212116        9.88309851135928      n
       -6.27566603789783      -17.52597095689340       12.55046011616064      h
       -7.95835768840298      -14.65878348327360       12.76079343307502      h
       -8.19768020032141      -16.49372161080089        9.95745077504605      h
      -10.01164113653241        9.55162967617434       16.17567067712740      c
      -11.18937752822732        7.72627801262318       14.58198575806357      c
      -12.23005021123051        6.29767539945416       13.33241079418564      n
      -11.32924276575013       10.00281745709874       17.69239780664681      h
       -8.22183546749159        8.80418170971041       16.87218067335128      h
       -9.62053989706482       11.29838383061654       15.15301751139347      h
       -4.10876081392564       -0.49441403777439        1.51395788203624      c
       -6.48887353606068       -1.68148691093995        1.01077501110562      c
       -8.21272797514788       -2.66085791277039        0.14774764118514      n
       -4.04659626752680        0.40399434305137        3.36676599579362      h
       -2.64738339374757       -1.94106574207770        1.42799629701106      h
       -3.76225425721169        0.91183023965581        0.05210406721652      h
       -4.21147731667174       -7.58029100299236      -14.51247316948930      c
       -5.41125774407042       -5.29149101197956      -15.27327969720949      c
       -6.18319177527881       -3.35850070357394      -15.87004300040739      n
       -4.72608354066483       -9.11057895630994      -15.79805390155851      h
       -2.18454315137244       -7.35494817147675      -14.77699593600740      h
       -4.65356406555594       -8.18384590253185      -12.59572392192055      h
       -2.86360447435500       54.33965232744861       -4.22102095260194      c
       -0.17366058339006       54.23965936519451       -4.07237580044283      c
        1.98268281180355       54.07082168778994       -4.15284649148741      n
       -3.44748108273647       53.13326973293789       -5.78285070598097      h
       -3.78684517983901       53.77495314438293       -2.47186005428840      h
       -3.34357630089424       56.28845508626824       -4.70118515961993      h
       -0.36121052196503       13.89476546610358       11.52383022859749      c
       -0.33074511403653       11.21645691447385       11.81760760118347      c
       -0.67831707296500        9.11574101694385       12.21393708683947      n
       -1.05609278747225       14.66407304860575       13.30566541177710      h
        1.51427149794264       14.63718133683204       11.10981981116961      h
       -1.58788922054717       14.29888402623330        9.92149979301842      h
      -10.09057425846858        2.03172470307879       -2.94766556391481      c
       -8.23530015524537        3.84774457871652       -2.22011618264370      c
       -6.93163309124852        5.41520081782357       -1.49594525017337      n
       -9.24306398056194        0.15507030872542       -3.08741088243740      h
      -11.60915901332309        2.03160620620604       -1.55828437856094      h
      -10.89314044619801        2.56257461684426       -4.77028819651522      h
        7.55801528316920        9.31008775144057        3.01735194129719      c
        5.48356725944816        8.91569227094089        1.33081635991257      c
        3.87697512423961        8.34632235919819       -0.00719063258637      n
        7.07672864962620       10.78173227434710        4.37560519664799      h
        8.03556988122970        7.48526516142926        3.84330070554778      h
        9.14906487392688       10.08530999739068        1.96716122002085      h
      -11.62822052891323       -2.88812187624247        9.56333639041686      c
       -9.48375034340976       -4.36382699087456       10.24408301691641      c
       -7.86782797967549       -5.70727701752385       10.76734613327931      n
      -11.55696798698998       -1.08027092292320       10.54218564281077      h
      -11.49127558425890       -2.62636492821542        7.52606000248864      h
      -13.32516957543596       -3.91567275310998       10.11267315761389      h
       14.40232973370837       10.71521436830847       36.84500045376399      c
       15.96547608499280       10.75617872984057       39.03700173855643      c
       16.92473620358410       10.84109625491180       40.97903745383847      n
       13.75114215369926        8.78650465638329       36.48735039342766      h
       12.82204805025209       11.94583575024856       37.31939653079484      h
       15.39167360696102       11.41957992000124       35.18228675942350      h
       -4.48519044272809      -15.75003252442962        2.70886791857290      c
       -6.45317114799409      -15.74556138004595        4.55044620010212      c
       -8.04001342765127      -15.74304493188372        6.02567048364377      n
       -2.87980207040476      -14.69772760053732        3.45378894882704      h
       -3.92046530147735      -17.67698874118883        2.23304397642795      h
       -5.08749559177622      -14.95405486540322        0.90757319892234      h
      -14.75878799289252      -14.95167335714241      -19.89385620124932      c
      -13.05196587650792      -16.60020044398052      -18.59867179684632      c
      -11.69730072168559      -17.79693766987500      -17.41293963834467      n
      -16.54381096357940      -15.92767499681298      -20.20736494223852      h
      -15.07291593753585      -13.27033111766822      -18.74126896005097      h
      -13.96624209898276      -14.32632346270163      -21.68520220743680      h
       -3.18569191999322       -7.53927074034018        7.34627602260317      c
       -0.75054432200791       -8.27099468176046        6.41790790458977      c
        1.17473679407074       -8.87566271015469        5.64113987783407      n
       -3.11538243383705       -7.24453309607100        9.38406154782422      h
       -3.76374885019562       -5.79397577589550        6.41601342658237      h
       -4.45605473098317       -9.10960471714346        6.95142967780656      h
      -13.15042844479828      -24.21502011493213      -15.17157771481323      c
      -15.37910299480253      -22.73053889200563      -14.87829066453096      c
      -17.16079090410469      -21.54324933729389      -14.54954891044065      n
      -11.89147904431143      -23.41938353215845      -16.59571221625720      h
      -12.06404925886964      -24.20010935449220      -13.41664159261740      h
      -13.57977696618572      -26.14369858653042      -15.74726871278141      h
$end
