$coord
        7.40117898449736       -7.82595353213962       -7.09214486391472      c
        9.55479417626901       -6.69695665387353       -6.13663890777589      c
        9.35392173383180       -5.08130931145016       -4.09188362725931      c
        6.99106450815729       -4.66892215588527       -3.06030312869413      c
        4.77293138925012       -5.65469884395310       -4.09418353817427      c
        5.01992400501239       -7.25811795380699       -6.16980539933278      c
        2.40770083197135       -4.90548890147975       -3.19745766209600      n
        1.95634085097549       -2.48591867607903       -2.23790133733088      c
       -0.44939028680995       -1.40907505582865       -2.24082017919872      c
       -0.83032129825851        1.01116961005666       -1.32799367320902      c
        1.08020963068246        2.46493197397962       -0.29459047746892      c
        3.44453007610258        1.35543714174595       -0.15511749113815      c
        3.83072643507690       -1.07309578695906       -1.03648384615099      c
        7.62192271198524       -9.16993534965236       -8.61248306758475      h
       11.44399971369086       -7.07879060965517       -6.80133632393122      h
       10.97937702617033       -4.30918783847146       -3.13191337367283      h
        3.44702866968890       -8.13674028425788       -7.12077263188333      h
       -2.10240221343614       -2.26041133799882       -3.07249143581373      h
       -2.71097121761078        1.79813606449861       -1.40905762182853      h
        0.82631110806320        4.36511891209691        0.39931341846045      h
        5.02737642163386        2.30554465462397        0.70713090635745      h
        6.84330690842064       -2.45593057042838       -0.56032359464662      s
        0.25460778161443       -6.47572017460547       -3.81944416599603      c
       -1.09806502088456       -5.50535809172141       -5.05339675058690      h
        0.94058497512552       -8.15099857378816       -4.80488483587065      h
       -0.78800621884071       -7.44642295604775       -1.29318134381717      c
       -0.95781622979745       -5.87267063269565        0.04356980808497      h
       -2.67189967102566       -8.26615505938325       -1.57772505292671      h
        0.92667809768577       -9.29176326505473       -0.39197577813916      o
        0.95989747108388       -9.66248721199574        2.23915132103576      c
       -0.88722634464233      -10.21476703165427        3.00944628701977      h
        2.24478635156627      -11.26702134935868        2.55786391227982      h
        2.10929404107028       -7.33377656735530        3.48752436846204      c
        2.91095952860235       -7.86621357862514        5.32880853382241      h
        3.68616650243997       -6.77349952102188        2.26257597302383      h
        0.61007330568987       -5.14518318740384        3.76783359840445      o
       -1.18492176048905       -5.57678275819145        5.69170165154848      c
       -1.91344269815207       -3.75472142259717        6.34665027443543      h
       -2.83172310127757       -6.58257732110934        4.97763943017469      h
       -0.24582955273317       -6.55557623854329        7.25657848693991      h
       23.83723490783065      -13.85969184629699      -49.18436948245707      c
       23.61966020089622      -13.32856175796054      -46.55224641184278      c
       23.28358671406004      -12.88838129218458      -44.45885495612058      n
       23.28211184200249      -12.19886190355881      -50.26620983434682      h
       25.78896533910221      -14.35485953742874      -49.62351611880642      h
       22.64531944989084      -15.45011426187370      -49.72530573125149      h
        4.69435376308443        4.73875384015051       -5.31524262297711      c
        2.66683057056930        6.28466332331271       -4.44023501248437      c
        1.06539606673407        7.63337905610356       -3.88776770306791      n
        4.13234572980451        2.76309003019707       -5.18529550483754      h
        5.04658700379302        5.16818854750820       -7.30173851773729      h
        6.41558818277456        5.16516285996018       -4.25939369101018      h
        1.42137862925647        7.67853473010336       12.77626987335401      c
       -1.06293932528985        6.69432985826245       12.43410679490365      c
       -3.09050551939905        6.01434680377307       12.09256756457182      n
        2.42450444662504        7.63248261544140       10.97960660119794      h
        1.33176834759035        9.62925333704735       13.42745970622396      h
        2.47102695784178        6.53394887544115       14.13172608729900      h
        2.73488512897009        0.76979481121777      -13.45853217639359      c
        2.61485552636391       -0.34694685195047      -11.00331024025143      c
        2.46895272351040       -1.12805827191652       -8.99167125591780      n
        4.58610389978407        0.50185848888817      -14.31631708476850      h
        1.27824839916717       -0.02960541545833      -14.67075200712349      h
        2.39198830164934        2.79691537270050      -13.33718517672305      h
        5.65663538149688       -7.27666503869517       16.99505114550828      c
        6.71687298026269       -9.72990552598182       17.36508419120529      c
        7.65601248782915      -11.63682857405070       17.76408748738644      n
        5.04825470424140       -6.49574121537215       18.80126776934186      h
        6.98223851897795       -5.95789810636808       16.13062709352681      h
        4.04188826720370       -7.41849556048451       15.72905664487851      h
        0.43792078430894        1.27554047559537        5.67473688769149      c
        0.09773994337749        1.23880471568497        8.35256551099798      c
        0.02920071507426        1.53533088822631       10.49755382703976      n
        1.97316592535300       -0.01077779567778        5.20056934542029      h
       -1.29682047227932        0.78834966244907        4.67665919799528      h
        1.00531941098342        3.18457065934532        5.16450652942397      h
      -19.63457951045853       -8.56866858805426        1.48052930478420      c
      -17.78126608878938       -7.88413785474131       -0.36459856100052      c
      -16.25310326538207       -7.58015091916023       -1.86602750628462      n
      -19.51354918110492      -10.59980517576157        1.79552709230219      h
      -19.23973079028812       -7.63581849682217        3.27912822883227      h
      -21.56034839152104       -8.12853932346951        0.89647256264515      h
        3.27395350252689       26.72189526408560        1.65475538244656      c
        0.73877771056410       25.81496096497622        1.75044867451969      c
       -1.31969354794228       25.14639193511350        1.71798053529663      n
        4.49942753486198       25.25161152771595        0.89542358209035      h
        3.36007326397760       28.36597275328056        0.41507737322336      h
        3.94532933317385       27.17688483946653        3.55005713501199      h
       -6.49848402020563        1.26575416127783        8.95272283816176      c
       -6.27795726744070       -1.39447321682669        9.40197758323502      c
       -6.31340017132289       -3.55388081428793        9.50856349323204      n
       -6.26758834416364        1.53273412189257        6.92311478649578      h
       -8.41334749695280        1.79392858663646        9.49137314558472      h
       -5.22495241010568        2.48602833222183       10.01274855641442      h
       -9.51115088840555       -6.69220417716779       -3.23209225909856      c
       -7.63641046973652       -4.81151543093451       -3.68515213135713      c
       -6.11136134960181       -3.38132071543419       -4.24838243762870      n
       -8.65916406811851       -8.57076720106179       -3.29871078373215      h
      -10.42630670442949       -6.49282406638598       -1.40125878769772      h
      -10.93367352937623       -6.47648203060046       -4.70299000529259      h
      -13.48581296695454      100.29063726078549       -7.77108807811539      c
      -11.37543080629052      100.04394253487594       -6.11177467840459      c
       -9.72729924837977       99.70908402007585       -4.74930241288564      n
      -12.87125866342217      100.76898556126706       -9.67610486232747      h
      -14.40903514644782       98.45260765007042       -7.78250618798527      h
      -14.81023967281057      101.68890637115322       -7.02980526530883      h
       -5.53279747242110        0.26792959653742       15.66236088930255      c
       -7.58067803560480        1.65581607034682       14.59440662145770      c
       -9.48804088710785        2.45692049750661       13.95324419316033      n
       -6.06087613190579       -0.15659696357042       17.60929239004632      h
       -5.29216204726264       -1.39408631398660       14.47080037335337      h
       -3.79886158533826        1.37639404393197       15.67933655800932      h
      -12.79390339428230      -12.65648687872503        2.37500311123359      c
      -10.39186166578855      -13.78451473464672        1.89850864135024      c
       -8.56947390401171      -14.75289116467041        1.24886231433731      n
      -12.62202471398367      -10.72944380332700        3.09374983009321      h
      -13.76405072630103      -12.56609233046924        0.56196071521634      h
      -13.93551033904886      -13.74423758458648        3.70218032737970      h
       -2.71622693461254        7.72772485626609        2.59666198906803      c
       -0.73265301968041        8.07970167569416        4.39800357467058      c
        0.75957636301551        8.44659141822741        5.92582113037900      n
       -4.01926952618107        6.28558894216620        3.27824128813795      h
       -3.82627792998034        9.45370600265773        2.42635899351312      h
       -1.89555315050749        7.28125019357476        0.76295977835376      h
       -7.15448302760724       -1.98440866493474        1.41688220660913      c
       -7.29065744739112        0.62023510764875        2.07806393404388      c
       -7.37929253886072        2.77536701336802        2.27150032714870      n
       -6.34858234911874       -3.15103634052174        2.90720157373362      h
       -9.06091501762474       -2.64407311771389        1.00685101792443      h
       -5.96461270754076       -2.09384659108254       -0.25927402614050      h
       27.22125150287438       -3.93020344395936       52.94736032261305      c
       27.18726899398683       -3.39179343821330       55.58533948890367      c
       27.18699469532005       -2.95294532094166       57.70814563533876      n
       25.28373701802098       -3.76746613041353       52.24633666348704      h
       28.43264897991083       -2.56646656849182       51.99367866200633      h
       27.96196314643191       -5.81854547635101       52.59372267034342      h
      -15.36454249838833       -3.75832227196380        7.45041810504126      c
      -16.23410260562319       -6.26382371611959        6.97009909888978      c
      -16.94364005775745       -8.29707899185720        6.73179041781850      n
      -15.80790764861922       -3.29021442807414        9.40587897404466      h
      -13.34352500338480       -3.65439513123514        7.04647429125569      h
      -16.35695648526704       -2.47054241192457        6.18639591219616      h
      -15.42643812943129      -26.21628995499166      -37.33869119417657      c
      -17.28204548662598      -25.44892172679733      -39.14873353420901      c
      -18.64087830489759      -24.66726808944044      -40.63730646975205      n
      -14.99691916877734      -28.22000476451218      -37.53315034603882      h
      -13.68968384508050      -25.16702466695259      -37.70851865600796      h
      -16.09860914666627      -25.75896791743205      -35.44999993410632      h
       -7.32916967353633       -9.29713686858704        8.26142472256196      c
       -9.08622667537144       -8.20575863063843        6.51532181980984      c
      -10.25804017913108       -7.09843225709909        5.07435659373673      n
       -8.29796814516793       -9.61130361144799       10.05226595746743      h
       -6.52710579052774      -11.02139456643153        7.46818973592588      h
       -5.88708862363067       -7.86995398118505        8.60671497388424      h
       -3.72965893738213      -20.10758930466086      -18.32226490335208      c
       -5.82630461816240      -21.21041066763839      -19.60466654696727      c
       -7.58756942845273      -21.95263130532933      -20.62407531031113      n
       -2.37299045200354      -21.51049351358490      -17.66085682629157      h
       -2.71691997606887      -18.77976268669546      -19.53531029749213      h
       -4.40785244234397      -19.06118431785094      -16.68499550029927      h
$end
