$coord
        6.43349736036646       -2.96564944646497       -2.78861547976924      c
        6.22005881163937       -0.62128646137586       -1.65543845186907      c
        4.61469140329316       -0.36751029283770        0.39153087122896      c
        3.28451591547191       -2.40447062059268        1.33955071004111      c
        3.38611420025502       -4.73333122881983        0.10388689922161      c
        5.00482800647149       -4.99365819535196       -1.95818967649562      c
        1.97347563424545       -6.86564071558380        0.74999600623873      n
       -0.29377852002076       -6.46127659199022        2.04415307122620      c
       -2.33014336072838       -8.10830434830423        1.74807732689104      c
       -4.65210077561190       -7.74124172692523        2.89250894236333      c
       -5.00699883601718       -5.56885559547213        4.30185683414519      c
       -3.03469634860403       -3.87002456439205        4.55570465123802      c
       -0.67580695555162       -4.31300660681467        3.52462064284353      c
        7.77497181373154       -3.36554104856655       -4.27420498418538      h
        7.30449663934744        0.99240984095284       -2.26919430410894      h
        4.35851772978558        1.44931976183362        1.28221767709204      h
        5.07190520736432       -6.83602608876412       -2.82507883109260      h
       -2.11882379226982       -9.83995723546683        0.69659204412962      h
       -6.05348506187601       -9.22404717331427        2.90441630049372      h
       -6.72380724878405       -5.32419671777277        5.37395216117239      h
       -3.33686214770095       -2.16928206230579        5.63632943385214      h
        1.68411149778676       -2.05111135801533        4.25209336789892      s
        3.21548293731266       -9.26058482026973        1.20821404810268      c
        1.80049511099684      -10.75712181496509        1.43658159738425      h
        4.45664751151866       -9.81410391253529       -0.34141264203217      h
        4.74501113453024       -9.20616894866263        3.67172660805795      c
        3.96991242715375       -7.78744311829011        4.96744049552534      h
        4.41451295030954      -11.00311187812251        4.65343300384859      h
        7.35974445048106       -8.87797919894509        3.21014690677168      o
        8.84095441119724       -8.47788779058509        5.37978132389970      c
        8.06049599513996       -9.41237597317451        7.06140263164443      h
       10.69465299373078       -9.31293777162233        4.93984946102237      h
        9.14506333498796       -5.69874466547999        6.07714941974309      c
        7.59538626515309       -4.63028165553892        5.19773377380895      h
        9.09097878239410       -5.44466329973860        8.13468513526584      h
       11.47484079123584       -4.71033299673590        5.23372992844999      o
       11.40234501482358       -3.88038849385337        2.70084812156762      c
       10.69783245217363       -5.30659085533381        1.37826850615636      h
       10.16338116919514       -2.25275946293460        2.47891447886048      h
       13.34794933325639       -3.36545534766992        2.21275176544456      h
       25.27132733028724      -25.08490647999188      -72.82777560586972      c
       23.44787404840157      -23.97402851197860      -71.18507111276784      c
       22.03413971114466      -22.96764234291397      -69.88987455615116      n
       26.70396220300793      -23.69201572265336      -73.32205176701098      h
       26.12203079887960      -26.66459277616169      -71.81377989526371      h
       24.38022432816328      -25.78296774094679      -74.54863697729513      h
        5.36078753645864        3.81404273646416       14.84107158011031      c
        4.75920466794924        5.19327324921877       12.60452379619410      c
        4.18165630208813        6.27123796230034       10.81754962504123      n
        5.81931406517775        5.13030413791157       16.35540183420424      h
        3.73021303299596        2.65239900787911       15.33751795197630      h
        6.97984377108229        2.55287269038219       14.62336404503484      h
      -11.05973006681485        3.49323166135662       -9.31514890514152      c
      -13.73476864520528        3.41718319854218       -9.00538167524506      c
      -15.89131754043062        3.24138124285982       -8.91350563580424      n
      -10.20026747672238        5.07264807113990       -8.31357565420600      h
      -10.31506431308588        1.69684138767622       -8.63999249041922      h
      -10.63616402325493        3.61991477607328      -11.32851502572304      h
       -1.89655700046596       -3.13496587950354       -3.47488702841602      c
       -4.21984663463841       -3.39343212490319       -2.12390431971574      c
       -6.08131590060515       -3.41880862549560       -1.02281291267839      n
       -1.00516794890364       -1.37116109810880       -2.90128959889154      h
       -0.61333781200319       -4.69401810953113       -3.08371844398925      h
       -2.27701733514807       -3.11060921841539       -5.49878865302526      h
       -2.72535329928470      -10.55717470080947       -8.44536381092334      c
       -1.04719292034738       -9.12877240614373       -6.88880936717088      c
        0.42090609560333       -8.06123011277006       -5.71297736917336      n
       -1.62577414915580      -11.74054637212981       -9.72323107266157      h
       -4.00636722350292      -11.68485313434994       -7.29169855703475      h
       -3.83749380870145       -9.27506478099941       -9.60708832925497      h
       -1.43149439209076        4.19946472791108        8.55203329370573      c
       -3.45003749293529        2.77338390692280        9.63813453136036      c
       -5.15386425466774        1.99842461129144       10.72901157708686      n
       -0.22716801252299        4.86413685470318       10.08312314462790      h
       -0.29467976877561        3.08588502039124        7.24419770097637      h
       -2.21902259742116        5.80330320764714        7.53508987382177      h
       -7.26951423878487       -7.27634981844187       18.23059685051639      c
       -9.34976790597741       -8.16482469518316       16.75039183822390      c
      -10.84210204060899       -8.87837453372011       15.35548538683642      n
       -6.25010792242865       -5.80012340332599       17.22017410820744      h
       -7.89405014184065       -6.52228824931209       20.04785273505072      h
       -6.00825676969689       -8.87650158999235       18.53418495226673      h
       22.71715967268122       32.49463634690994       -8.24318641335286      c
       21.76864931023586       30.24504210272174       -7.10368777182133      c
       20.94379358717713       28.43083275172221       -6.25893921944850      n
       24.36372446780102       33.14369760497328       -7.19073712186838      h
       23.21468337688844       32.08794467032378      -10.20131843502274      h
       21.28059870091065       33.97108071986499       -8.16359784058809      h
      -12.78259550539388        2.12724247517100       15.28481367274368      c
      -11.47370401491347        4.13784573960813       16.53842810990340      c
      -10.30002019226504        5.72535680035610       17.42043312353717      n
      -12.42091083398808        0.34899177763042       16.25995910350704      h
      -14.81169333174558        2.46641491799315       15.22532773327170      h
      -12.07012240996654        2.02565416120947       13.35694743248929      h
       -9.60044256591338       -2.29328597035568       11.90190033488389      c
      -11.66259569533589       -2.28190010937526       10.16860870378616      c
      -13.17393664655628       -2.37102463827335        8.62058884975187      n
       -8.67371889922432       -0.45036101537764       11.96616121276875      h
      -10.20269432092878       -2.80514286517724       13.80045482158791      h
       -8.25248819657976       -3.68379117186146       11.20680236255749      h
      -23.46673062018289      144.80495106903135       -8.69821142078393      c
      -22.31589204747608      147.06504336239522       -9.61223850755313      c
      -21.39152198812599      148.90136619313060      -10.28918531943775      n
      -22.08838161214002      143.27685484631743       -8.72388208201700      h
      -24.12653730356481      145.10082909432609       -6.77261183870075      h
      -25.04503714285267      144.31817208800800       -9.93544929479502      h
       -1.91179781862355       -3.17985337209243       14.14529983622004      c
       -0.98636122794109       -0.75248743979126       14.86086376123748      c
       -0.18678164679828        1.23238528435622       15.19529368263194      n
       -3.06579719983747       -3.97261425648992       15.65839195098230      h
       -3.00109633269279       -2.90997579748296       12.41885447079005      h
       -0.35321930907062       -4.46154040306344       13.74079192630976      h
       -8.76055109569263       -9.68778978737607       -2.70520597829675      c
       -8.14760715476473      -12.18460973771165       -3.51729473568473      c
       -7.50626724152762      -14.14344933328398       -4.17495799998325      n
      -10.54069157525630       -9.07969632852904       -3.55429746887858      h
       -8.97233221862877       -9.69536098516483       -0.65787327869336      h
       -7.29337920749106       -8.33703452349007       -3.22552726851455      h
      -17.63551878430812       -3.66101544036722       -6.38179946246350      c
      -15.07786975270277       -3.16921621716223       -7.10280544067604      c
      -13.07242299035755       -2.67428790992708       -7.75764309336895      n
      -18.77615736356906       -1.97572784394900       -6.69956616927759      h
      -18.34904458515830       -5.18826072883407       -7.56443634700935      h
      -17.74604002712107       -4.18386232716157       -4.39440793843570      h
       -4.43842874592001        4.45753500176648       17.13243154613816      c
       -5.91914866677857        2.25429887890849       16.69300802120867      c
       -7.08839077546770        0.48106610630709       16.27065062029462      n
       -4.02976205714054        4.64775080556232       19.13950836044507      h
       -2.65451424870929        4.32554314116431       16.11361217358342      h
       -5.51764390943491        6.07914087751487       16.46688157099138      h
       37.98072080478565      -18.42219549179875       70.00374243054753      c
       37.64226669394483      -18.08704390730058       72.65385496726074      c
       37.43194890748858      -17.75696077653968       74.78592092217450      n
       39.45557705801478      -19.82598323011923       69.64869454512463      h
       36.20989928100979      -19.07709018262688       69.18394068773709      h
       38.53808935672157      -16.61728220508052       69.18448832830431      h
      -12.16555671949573       -9.00664895329325        9.46135287787535      c
       -9.49284090644637       -8.66595528543856        9.53132874365120      c
       -7.36068683964582       -8.36506121576106        9.77162696259739      n
      -12.97955284777298       -8.57676014136444        7.61957907724675      h
      -12.61577359643553      -10.93530048947171       10.04108659787191      h
      -12.98996264584082       -7.66951109779397       10.79305547878816      h
      -27.81736033597926      -21.23291810470704      -62.30257328032790      c
      -29.50134720857572      -20.70188156445350      -64.34966251635686      c
      -30.91825622436213      -20.33348858933757      -65.94023281599935      n
      -28.19479151103630      -23.12731457928078      -61.59124941427692      h
      -25.86856692888059      -21.13466395930272      -62.97085153059406      h
      -28.11850439587855      -19.88764194911406      -60.77690741956595      h
      -11.18777193618234       -1.88123909727562        2.59116963820945      c
      -12.50876570519090       -2.66818238541773        0.36340689580316      c
      -13.46552193351296       -3.40992383339998       -1.42827848723520      n
       -9.84255319554698       -3.36805719519083        3.06460604697894      h
      -10.19470404938077       -0.14703933088204        2.08921329800620      h
      -12.45028068009894       -1.64053234352286        4.19859180941410      h
       10.17676711919230      -42.70891018161498      -15.24760227106696      c
       11.49530828909391      -41.76391637877008      -17.39821333324917      c
       12.64613636946083      -41.06450665237807      -19.09484534928291      n
       10.84227844935539      -44.61633645404257      -14.84143736894639      h
       10.53352753662583      -41.43995874465025      -13.65929275634340      h
        8.14718318410626      -42.76452700262143      -15.58413866497961      h
$end
