$coord
        6.03012492482777       -0.30057561441748       -1.30378781241094      c
        5.40287749993079        1.68762105394497        0.27079742587579      c
        3.96003999033434        1.12293847261065        2.37580188263676      c
        3.03848487660628       -1.29135279499190        2.74896358517964      c
        3.28639920295034       -3.20281295801196        0.94739829418180      c
        4.98355940564594       -2.67855336833344       -0.99809996789313      c
        1.85596992449279       -5.41054334302238        1.14626283688502      n
       -0.62007461943709       -5.14694494794621        2.02859699243231      c
       -2.71642469638445       -6.36846992175976        0.99887075137698      c
       -5.10690232586826       -6.17917028176674        2.04085312808630      c
       -5.55142970819024       -4.65550619754203        4.11746546032086      c
       -3.51974755524699       -3.33621548390539        5.10345852018198      c
       -1.11956474356983       -3.60444210336812        4.10801720508112      c
        7.21292541430686        0.03886892298090       -2.93234655867467      h
        6.04527866979343        3.59380245132558       -0.06163395372150      h
        3.74469483794619        2.53121906856740        3.83531947779813      h
        5.47259608895868       -4.06621169614389       -2.40720007770447      h
       -2.50455436349990       -7.56914897052708       -0.63280929215174      h
       -6.64560719088059       -7.12840668504822        1.09530076169209      h
       -7.39141939297082       -4.31967089621580        4.92884089116699      h
       -3.71229513888261       -2.14691969720275        6.74665056491513      h
        1.34697714770120       -1.87555173704712        5.57147575787487      s
        2.61738979436043       -7.80564093753752        0.06365002208397      c
        0.97147665137500       -9.05708655121291        0.20083261556641      h
        3.27974424634361       -7.65078043079255       -1.88199140713547      h
        4.79258934624202       -8.92581438814246        1.62090082888862      c
        4.76449974123411       -8.00344424009862        3.47586167628828      h
        4.56152401284883      -10.96792370786679        1.90086284471990      h
        7.08005661085265       -8.29981853751976        0.38266928742547      o
        9.20492092573679       -9.55818875034324        1.36390607675230      c
        8.90459559404928      -11.60043510602896        1.14194156905898      h
       10.78685355711049       -8.84602108010662        0.21614594995307      h
       10.00096388277325       -9.08845726643963        4.09302845441937      c
        8.61537797085840       -9.67510140756120        5.52567790048709      h
       11.68056922960514      -10.28362569161116        4.31981913799477      h
       10.89785982766975       -6.62643000155163        4.59320489522419      o
        9.05051005390839       -4.71709207102659        4.81965851872081      c
        8.07278315688020       -4.33665469175804        3.03670437426914      h
        7.70205204802960       -5.17307949501861        6.30532291231151      h
       10.05833778716602       -2.99067400819431        5.36052291412740      h
       23.89396777748661      -24.50896415663400      -69.68845217683132      c
       23.97291237739734      -22.44970285924071      -67.95330940406100      c
       23.88158355461213      -20.72459702317422      -66.64768276585484      n
       24.37732911651826      -26.24137133657680      -68.68744096675464      h
       22.01392255787513      -24.64279893576538      -70.52200524114097      h
       25.29438850983131      -24.12108446281303      -71.14827718677084      h
        4.50063655293856        4.74309592122619       10.43276787013309      c
        2.46108491524939        6.14489018169117        9.36434533514764      c
        0.93260992249799        7.35310685154004        8.41945200722207      n
        6.19418443378534        5.88222521791633       10.16768902592762      h
        4.11707637995328        4.39181648409251       12.42879710699035      h
        4.61964389673920        2.99409958707647        9.34366795640198      h
       -9.34310012563356        4.91037631423878       -3.30154943156106      c
       -9.03663043838268        3.71190567028413       -0.90836850491415      c
       -9.02215719890730        2.72224492359149        1.01787467899009      n
       -7.58979991232634        5.74334239021793       -3.98601052945885      h
      -10.00786306814498        3.51128148756530       -4.65727992864741      h
      -10.76097535984188        6.39118364859200       -3.08721464889329      h
       -3.80419886859318       -0.28837591971823       -4.50361604725429      c
       -1.77385041014434        1.47972552070683       -4.30079534537073      c
       -0.03720446863720        2.76892852985694       -4.28936920789310      n
       -3.10756616652511       -2.17853903125430       -4.08339937758153      h
       -5.34566778818442        0.15479549819067       -3.21606765308872      h
       -4.44007613158868       -0.26388597759106       -6.46233538611875      h
       -4.88140444370383      -11.89106259853136       -4.06628059486928      c
       -2.48852093173690      -10.68842343647488       -4.39367126860918      c
       -0.50511883835842       -9.82726875203032       -4.43917842994521      n
       -6.43625707848768      -10.57944109563932       -4.38949859523586      h
       -5.08965221274510      -13.44013237907126       -5.40815038111922      h
       -4.93464332300323      -12.67472311110504       -2.16541025778217      h
       -3.32424056558363        3.54855891104984        6.44915173491742      c
       -3.37843467997648        2.14147685537066        8.75241501620843      c
       -3.51174162883966        1.21641477552210       10.70691998642088      n
       -3.51441194607298        5.53979036554669        6.93418713251145      h
       -1.51585238975049        3.27428028763202        5.50186897215025      h
       -4.83203232653740        2.96663650297921        5.17848152628600      h
      -11.78308967281669       -7.36560811674272       17.68292108448469      c
      -11.88958878498357       -7.66950446572981       14.99886543061604      c
      -12.01632277045101       -8.01951327775901       12.86733760344265      n
      -12.22672638301285       -9.15630206355186       18.59724566739571      h
       -9.86215351062979       -6.81961756368893       18.20538780198686      h
      -13.10673804054615       -5.89776516128733       18.26327777444170      h
       19.67668988790479       29.94106591257977       -8.43194681637091      c
       19.21478007699373       30.25907278507124       -5.79674012982138      c
       18.86568226326698       30.51373696911603       -3.67574519355470      n
       21.13640456359345       31.26895440708535       -9.02020769738523      h
       20.28648155862232       28.00243421095192       -8.77410206491828      h
       17.92650361677397       30.25915956040170       -9.47386533550776      h
      -11.96521386939207        5.17571419484915       10.33528356890228      c
       -9.80528078187292        4.61248205160352       11.86653475278018      c
       -8.08794748209860        4.02153967733655       13.04008124755611      n
      -12.46882731814252        3.40567853749745        9.40940710742734      h
      -13.56820822539872        5.82675754114848       11.44989837578411      h
      -11.51888347959897        6.55043713119684        8.87051998081693      h
       -8.67886689593159       -2.49713669780096       11.25687297786253      c
       -9.80813316268683       -1.46734615078978        9.03849650541565      c
      -10.55792350503263       -0.63417231295344        7.18590482902243      n
       -9.51443511429292       -1.56469853918767       12.89751414439934      h
       -8.95346508343046       -4.53253240469804       11.36162959076469      h
       -6.66300378960558       -2.08506423471606       11.24507848451594      h
      -21.86005287168470      138.80163640550728      -10.28175856569144      c
      -20.80553584654679      140.85485281795843       -8.88885213752194      c
      -20.04598161569987      142.53839035224664       -7.76032332864332      n
      -21.00451946865375      137.04268858680712       -9.64164279172421      h
      -23.88294924380837      138.77652539000707       -9.91016453942608      h
      -21.49415497226330      139.06603231471570      -12.29545574827587      h
        0.51112799399223       -3.76268443359912       13.17811207189978      c
        1.65271164890228       -1.48708566067594       14.06072578523615      c
        2.60790733272233        0.36182061199993       14.66075695979328      n
        0.13955807370069       -5.01153135038212       14.77559425089416      h
       -1.19832299870582       -3.32989621417173       12.11486684217439      h
        1.90902153139570       -4.63458091028786       11.94474049082501      h
      -13.91440732997801      -12.64863187349352       -1.20949798823027      c
      -12.51733353265761      -11.92865917616643       -3.40018792725274      c
      -11.38781306285795      -11.37777055866698       -5.16132269044204      n
      -12.62996702076829      -13.56289422068594        0.12240726126597      h
      -14.74205072263382      -10.95840988114796       -0.37604986079947      h
      -15.43284705067317      -13.95729479609632       -1.68867389238085      h
      -10.04457980258973       -5.48521551573192       -4.17628110305132      c
       -9.84621946676609       -2.88303135028455       -4.87811827198866      c
       -9.76593071988271       -0.80350567427025       -5.48203033281297      n
       -8.17426046254663       -6.34342960337630       -4.26346181839866      h
      -10.86445397370231       -5.62145470915008       -2.29227673309072      h
      -11.32914666539972       -6.45203633807041       -5.46098120594859      h
       -3.58856853687924        1.34584959368684       16.46862105476666      c
       -4.49603647257978       -1.14022397179560       16.95422799874494      c
       -5.40027229739384       -3.07244902805975       17.32669444519914      n
       -4.69011345904665        2.16971615745725       14.93911442757984      h
       -3.82043549018054        2.48764810127179       18.16576559267739      h
       -1.61100207769964        1.34972144435902       15.89723356528137      h
       37.66057360900467      -14.87232529869191       68.65373928287295      c
       36.21856223938914      -16.44228879244053       70.29866848049133      c
       34.93160259618141      -17.76977337292502       71.43022194628318      n
       39.49669781133760      -14.40775887548425       69.48120888045740      h
       37.93622607272908      -15.89009372044923       66.88599100283587      h
       36.57871051243291      -13.14955703221964       68.33563442655391      h
       -8.28370713606591      -11.44179251511280        7.48187519959337      c
       -9.42335946608692      -13.03899848547368        5.63403747150339      c
      -10.33444485367021      -14.40193179167625        4.21745790820812      n
       -6.22882458407896      -11.47740918658877        7.35651982313755      h
       -8.91018355001530       -9.49320422547834        7.21916975493998      h
       -8.91713510746427      -12.03791240679718        9.34853657034823      h
      -28.38473458283801      -19.45524186858275      -61.19868086176172      c
      -27.41876750443916      -21.88229213093058      -60.50246210166243      c
      -26.68358451532255      -23.85959724283890      -60.03020275747622      n
      -26.99252053327111      -17.99006344588486      -60.80859604144037      h
      -28.81403832073141      -19.46488964410191      -63.21601837974860      h
      -30.08137438572821      -19.05555973198822      -60.10791069016273      h
      -13.94029531823210       -0.74514577045305        1.60640540870412      c
      -14.49438429468618       -3.21644466915212        0.65094830740351      c
      -14.59842597799173       -5.17365454671990       -0.26239948570012      n
      -11.90253931566553       -0.49208414905306        1.77341989721231      h
      -14.80176583253655        0.68230341269765        0.39568239846074      h
      -14.78462694514058       -0.60091390184024        3.47776196963174      h
        7.82792051401223      -37.51565734568710      -18.06279788824719      c
        9.36956328253652      -39.60331742523365      -17.34050638791940      c
       10.55430510684426      -41.31391606733253      -16.73852754348310      n
        7.36928458684329      -37.65446045515733      -20.06692788057511      h
        6.07707362756082      -37.58934028026653      -16.97222516497800      h
        8.83190173261935      -35.75195361183700      -17.72084500164833      h
$end
