$coord
        3.99280781462837       -4.49580566008415       -9.52787318463085      c
        3.65271103550619       -7.04897918245253       -9.09046851312504      c
        2.45921235854869       -7.87117276497377       -6.91532518662991      c
        1.70786176889437       -6.13360900975730       -5.11708730473510      c
        2.29725533465273       -3.58318284153331       -5.44681340577894      c
        3.21524128525377       -2.72798546747096       -7.76329837690827      c
        2.18066955901930       -1.94981192978848       -3.37841923867687      n
        2.89115907154020       -2.80506331650375       -0.98205893067001      c
        4.32885501124195       -1.31542439091904        0.64924371858249      c
        4.84540121148361       -2.03583914546438        3.10894432717347      c
        3.92119212781313       -4.33917185407289        3.92868290233863      c
        2.61860773542494       -5.90765573616562        2.29052097366780      c
        2.11946440001381       -5.19271894836569       -0.17188577525113      c
        4.78250189096018       -3.96085061335781      -11.33249208307553      h
        4.37884833234835       -8.47639202681125      -10.35218735595106      h
        2.08425496066112       -9.81236307991488       -6.41431998390005      h
        3.40590496738664       -0.73436084586971       -8.13669296357805      h
        5.06069773509352        0.50062121678691        0.08774284904693      h
        5.77723882734134       -0.72330186986142        4.36260140810671      h
        4.30377641927944       -4.83928952020821        5.86780355341184      h
        1.82793685113815       -7.69037087337655        2.88072870493303      h
        0.40266353726675       -7.19949986111364       -2.23101814208900      s
        1.55203803954139        0.68093993513028       -3.79347275567636      c
        1.70038606640219        1.51976795132648       -1.90447155684918      h
        2.84682892200264        1.65108813882784       -5.07040055116651      h
       -1.16468904041482        1.01959259192404       -4.75056199696142      c
       -2.49932274418918       -0.37899086623748       -4.00547636825714      h
       -1.64041579995752        2.93008424715331       -4.09811580704223      h
       -1.24025992478672        0.92437479069277       -7.42316694231510      o
       -3.62848407906600        0.97021378575458       -8.58749238907582      c
       -4.91405117925679        2.24576566132001       -7.57234788479541      h
       -3.36765452254190        1.52180871500730      -10.57614970560970      h
       -4.77906225825744       -1.66641254440776       -8.75123746928654      c
       -6.17716167354657       -1.75205563827090      -10.28566485009088      h
       -3.27150532117067       -2.97738104146598       -9.30762706291480      h
       -5.86731292224751       -2.45599527440421       -6.44723081474604      o
       -6.55622988475510       -5.02985345104037       -6.54823214207396      c
       -7.66137375862622       -5.42787316184800       -4.84533892941720      h
       -7.70781622933521       -5.28035846708815       -8.23481399383133      h
       -4.89945137542047       -6.27158062152759       -6.59260518372261      h
       24.57020262326545       -7.78692688275750      -30.71250580736680      c
       23.36952865721350       -5.59475267650140      -29.70738687939696      c
       22.56452110309788       -3.73582398474698      -28.94231238976483      n
       23.38433559798888       -8.53480093266751      -32.21958910556911      h
       26.40269027030621       -7.20212519634868      -31.45229530305181      h
       24.86976037597025       -9.23984881872624      -29.28351982252294      h
        7.01548183378327        3.77658754215090       -9.29118965913478      c
        6.16501209972410        5.89167129499775       -7.85263250190028      c
        5.57005865604833        7.55442331674427       -6.59958308549141      n
        5.97836921145371        3.77826599198238      -11.06893580646709      h
        9.04494562298209        3.97065709246538       -9.60465752290125      h
        6.63081404550151        2.02352412857088       -8.27232317746865      h
       -0.64911974450259        4.43275081168025        5.08108508096197      c
       -0.37651017367781        2.84035647978672        2.92527089255450      c
       -0.26529961140128        1.44377311115832        1.27383582660382      n
       -0.95759076985342        3.29241103722013        6.76656778379637      h
        1.08953281165073        5.51355130182548        5.29634974126254      h
       -2.20047059695105        5.76918286887382        4.84368282859343      h
        8.93864996975006       -5.50205043914027       -3.69890034704231      c
        8.56456459693048       -3.01391152756687       -4.67811365068340      c
        8.17810497057524       -1.00670766676786       -5.38514667676117      n
        8.32613945987736       -6.93815457825185       -5.03943439591825      h
       10.93822043381935       -5.82504407353112       -3.34154719622285      h
        7.87443410529284       -5.70537037978265       -1.94743618957954      h
       -2.76821904577116       -0.34259801988935       14.04137262868205      c
       -1.56326073384950        0.13945834518444       11.67597324662614      c
       -0.39137069440327        0.44200714556732        9.88357816876929      n
       -1.33450067006291       -0.75812107238511       15.46059064241538      h
       -3.86807470844685        1.26347998456838       14.71548671874427      h
       -4.03683757752219       -1.93506814140299       13.74997573673194      h
        5.94313975670819        2.00107525739997       12.29332728344247      c
        4.18878514564461        1.79448746534144       14.33474836670875      c
        2.71985810567354        1.74927562862302       15.92654279873736      n
        5.98266915185411        0.24243806185784       11.22465528622845      h
        5.35963056951050        3.58922958955373       11.11854047890718      h
        7.81817187685815        2.37395668916938       13.04955902620788      h
      -10.82891069376928       -5.75467872703009       16.78644967327227      c
       -8.50561488260194       -5.07575115430404       15.58262089404802      c
       -6.56118576399680       -4.34457769365876       14.97717946603582      n
      -11.80717846348349       -7.23730885261237       15.74520625017555      h
      -10.28813974844814       -6.36811669253277       18.68179490338081      h
      -12.02736785325765       -4.08732824591993       16.95096301882054      h
      -12.51952017945878       15.13394953814819       12.17334786197750      c
      -12.98606164885006       12.49419387821277       12.44322271886362      c
      -13.32761042109781       10.38809256433696       12.80794774092950      n
      -13.64333133407698       15.89603680408922       10.62532423804940      h
      -13.06844496338058       16.07919155553453       13.92046207704924      h
      -10.54880074703162       15.49291188546316       11.68617160555245      h
       -5.30289159813039       -3.35614316269266        0.47499583881358      c
       -7.85858275723090       -4.22789750422808        0.28589627460575      c
       -9.83094432227033       -5.04442454479905       -0.05867792116329      n
       -5.08766305949435       -1.68392102034468       -0.70874811102090      h
       -4.71957405160169       -2.93126950002134        2.40243909934029      h
       -4.04755713977828       -4.80639064732854       -0.27033896416754      h
       -5.08567985459033       -9.07462894815306      -13.19452673251953      c
       -2.49667399771519       -8.43787102519134      -12.80917875203770      c
       -0.50678977646435       -7.65786079088031      -12.46218460027242      n
       -5.84243637059546      -10.01671302914729      -11.52147091625690      h
       -6.09735618248464       -7.31761100072064      -13.53892873042070      h
       -5.15728400470324      -10.16749676602021      -14.93641067432209      h
       -4.96163303522150       68.20322546732221       -6.28937450299463      c
       -4.55786726522540       69.86367422091914       -4.20424255274365      c
       -4.20946084960690       71.09744386279549       -2.46033201267425      n
       -3.23651480908147       67.13485099129512       -6.63306931166523      h
       -6.58654746572082       67.02240500512413       -5.84649918711400      h
       -5.42517705882188       69.33571696880983       -7.95110635561065      h
       -8.38203075028321        6.90131020685672       11.52310556879682      c
       -6.61697280860929        7.14586934467869        9.50188532495954      c
       -5.37859602696504        7.26717335472092        7.72914764165670      n
       -9.77171805789918        8.41671514232893       11.37495291770244      h
       -9.39188538488514        5.12435674541463       11.27280820427323      h
       -7.34754104300867        7.02164785906032       13.29817321820765      h
      -12.22679065068637       -0.82172979505743       -4.96340148389209      c
      -12.55733530342874       -0.72357147359872       -7.63742531801573      c
      -12.61341027225872       -0.58412686447041       -9.79573512283005      n
      -12.85326107211402        0.93859589680146       -4.08680442097760      h
      -13.27954976448721       -2.38587501401515       -4.13779399103926      h
      -10.21264009023476       -1.00644630792029       -4.56723900812340      h
        6.22380305423627        8.83673964143468       -0.20851560578195      c
        6.98610058519999        7.64263609914953        2.09285439272384      c
        7.40928949921847        6.76226545637471        4.02713507858106      n
        4.36750457720914        9.69210156990474        0.04592155072187      h
        7.64694544928708       10.24650729449329       -0.68543082687484      h
        6.05559062828145        7.47978700227103       -1.74659655187752      h
      -11.28627340727082       -2.76565944039169        5.37675606657726      c
      -10.81290290486460       -0.12284582880002        5.55376034107694      c
      -10.63185014606001        2.02818392287001        5.72742166269717      n
      -12.85807052129819       -3.14143794083639        6.64946664011666      h
      -11.73615303730060       -3.21913890469381        3.41978637022082      h
       -9.63900743630740       -3.89716226533732        5.87019697781831      h
       21.05814838316548        6.67138306511145       42.63166971785888      c
       19.58170811151097        5.84510316350341       44.72627227572404      c
       18.41325569097608        4.89582802248191       46.28591625054685      n
       20.18032862922471        8.34195170442920       41.78875045493328      h
       22.99195191097792        7.10980799447548       43.18390003194035      h
       21.09034237155694        5.08139753126138       41.32382473141717      h
       -8.45921074268642      -12.73849781487620        8.50003573732892      c
       -9.88927626937670      -12.00378157900676       10.66324706693861      c
      -11.03600197452333      -11.49328907293458       12.42925357830011      n
       -7.58344803208515      -14.56203050684804        8.88382346014504      h
       -9.62853696310199      -13.03074032552584        6.82499732714120      h
       -6.96448045528136      -11.38459096297187        8.08322379224948      h
       -8.72609389553312      -17.88307184415700      -18.00289575663335      c
      -10.15619109092471      -17.15406245473318      -20.17815511043278      c
      -11.35690126724539      -16.72287784110759      -21.92332940622374      n
       -9.60531964564649      -19.58232095422373      -17.24349567797176      h
       -6.79174669259938      -18.29156683868532      -18.59066967436620      h
       -8.78332444370725      -16.40781852063112      -16.57165004254513      h
        1.23619581776600      -10.76636845387550        8.90039738592247      c
       -0.89558752258551      -10.16222523270610        7.34548842682561      c
       -2.66890913450146       -9.75686780468132        6.17642248166321      n
        1.37226650970338      -12.82192934098688        8.92358694751734      h
        2.94127516151041       -9.82839656910366        8.22326667480376      h
        0.79188758695875      -10.04754752132025       10.77697959014528      h
      -16.85969920379979      -20.32246524419402      -22.40146163829289      c
      -16.51212138113086      -19.34710275711230      -19.91458614464589      c
      -16.11321041197623      -18.55407044291197      -17.93870426024907      n
      -15.15347988466520      -19.99338503150976      -23.50901393578006      h
      -17.09165765642991      -22.37325299289560      -22.37485815331163      h
      -18.51544722154240      -19.48614108043486      -23.29287698459366      h
$end
