$coord
        4.39028863431372       -7.31096671764003       -8.11635042456242      c
        6.84425209786611       -7.21784095743184       -7.22468086247471      c
        7.20931227689332       -6.36835945813274       -4.77993095314780      c
        5.14632866299595       -5.63830666004242       -3.35569905365418      c
        2.66695474813006       -5.88458352016716       -4.22335707573443      c
        2.28215842239389       -6.65555352830992       -6.71287518545807      c
        0.67769226046638       -5.19762027436138       -2.63255115638798      n
        0.79033332781496       -2.86419475051242       -1.39916947596043      c
       -1.19420382383878       -1.13009711039379       -1.35842975230754      c
       -0.83930844092715        1.09322737783591       -0.02921120173820      c
        1.49762191836590        1.78286949046626        0.91663527773913      c
        3.51999764856618        0.13865102262701        0.69987660381513      c
        3.10372361124242       -2.23879552704488       -0.29921773179820      c
        4.14328671967772       -7.84793747149396      -10.07008926884329      h
        8.38103760303442       -7.79345912049104       -8.43450369018125      h
        8.98790533178166       -6.46486140595570       -3.78639523960828      h
        0.44482755681450       -6.85165667491681       -7.57082281164346      h
       -3.10916111046394       -1.50355450616555       -1.94355092483330      h
       -2.40184722989237        2.35765576974045        0.32068148067659      h
        1.77101773938519        3.43351843367567        2.08166321815169      h
        5.39455838543043        0.60987667679738        1.34450617483973      h
        5.52637734939169       -4.54940454108753       -0.21899438932795      s
       -1.89844648604308       -5.96426466152271       -3.14642660242083      c
       -2.97075152608600       -5.54021659658396       -1.42470936519847      h
       -2.77001402711129       -4.89968479504674       -4.68111070833263      h
       -2.08695814845583       -8.77082173433690       -3.85283458043353      c
       -0.19481418665495       -9.61430643330186       -3.88040639786566      h
       -3.25959020118372       -9.77993121973651       -2.47130917114282      h
       -3.20087352179940       -8.83656103216249       -6.28439076461542      o
       -3.92999493051797      -11.27345356582922       -7.05335521352129      c
       -5.22771448458743      -11.95997202939247       -5.58541445177801      h
       -4.94426621510823      -10.93896980932374       -8.83841020557427      h
       -1.89581209452191      -13.25906975526015       -7.52438551054115      c
       -2.64051306104797      -14.70356698360423       -8.81873180475147      h
       -0.25619816556076      -12.37926957166091       -8.44011117883678      h
       -1.19084476921713      -14.47160766133853       -5.25525573110309      o
        0.23527922536877      -16.71634653678238       -5.44727525064967      c
        1.64486607444584      -16.69009754992607       -3.93334530793461      h
       -1.01709964136225      -18.33308361505493       -5.22106603629965      h
        1.28722991496615      -16.85206560652761       -7.22596871566730      h
       23.54607217087996      -11.52363613801536      -40.30085322850652      c
       23.66781614573296       -9.43931567670000      -38.59841485904134      c
       23.82554929029372       -7.87778247667510      -37.10652802076545      n
       25.46962250042571      -12.11592288617935      -40.73218465738736      h
       22.51727528028517      -13.14752725752325      -39.55798912465266      h
       22.61891866449314      -10.86604405550601      -42.01860669531129      h
        0.67666223858219        3.95445328987013       -5.28193627802062      c
       -0.13019012271545        5.62910184047836       -3.32979226597823      c
       -0.81766345114004        6.97084037823898       -1.77545483642252      n
        0.34778636626252        2.01675296081194       -4.67108042897163      h
       -0.31381635139486        4.43739129882900       -7.02560236014251      h
        2.70116360842585        4.26751548677655       -5.53228765350310      h
        2.08697714696922        9.02553303275544       12.71042454418670      c
        0.40107265615586        6.97166421961623       12.26666847655302      c
       -0.77386637388049        5.19644125653220       11.86898470924732      n
        3.56263448168876        8.92773244388965       11.27890381728246      h
        1.16669319460084       10.86279129722209       12.58819197425168      h
        2.99508391748584        8.76801245818868       14.54294335373091      h
       10.49654318867996       -1.06972705033958       -3.34613305630034      c
        8.37712250170214       -0.20933116265184       -4.78050004962345      c
        6.64048507310428        0.43214230011781       -5.89885434041328      n
       11.47398867736688        0.51295430839048       -2.46618090268778      h
        9.86939734607098       -2.33049900031334       -1.84698316876631      h
       11.85196124303630       -2.05925916386420       -4.53994593675112      h
        0.28037583530454        0.57564600340250       14.80740548300637      c
        1.76553065306980       -0.22469159780421       12.70189081894633      c
        2.95791470641155       -0.88192801880117       11.02147339683268      n
       -0.85280796729677        2.15964511604935       14.13716012557365      h
       -0.99573027448187       -0.90433782956524       15.45917222982843      h
        1.49422535724205        1.16947523751334       16.35795454526187      h
        6.41983140310161        3.99804488948278        9.22105014547036      c
        6.28360385111261        4.23595422960751       11.90669343085927      c
        5.97955331099650        4.33254560874845       14.04954751998999      n
        4.85673642967196        2.77343383460894        8.67930383530877      h
        6.18002683836258        5.82847360461497        8.30734030096687      h
        8.18520754514261        3.16285875676012        8.57872338801876      h
      -15.78969485869505       -2.55159668298432        7.32669124494026      c
      -17.11220528694366       -2.59124916744544        4.96931056873773      c
      -17.95808802634149       -2.89494561505731        3.00100434040790      n
      -15.54259255534679       -0.62384097976946        8.00646045952012      h
      -16.74199767988359       -3.71238605312840        8.74329290703009      h
      -13.96431493308365       -3.41015777623990        6.90921932112569      h
       -4.71835223792924       20.51324012205219        3.84540301737348      c
       -6.92081201622815       20.99903034205620        5.31916762284165      c
       -8.68777857150101       21.30137059495402        6.53232969522754      n
       -4.63071590192912       18.48996914969366        3.47284416643012      h
       -4.92029277107149       21.46361258036098        2.02792642002668      h
       -3.03019923481068       21.08622130036049        4.88066228940415      h
       -3.74255505607231       -0.35098835078298        9.08738731890153      c
       -3.43308429563227       -0.58346844504432        6.40831053163397      c
       -3.19862689009847       -0.86371365991123        4.27707842973776      n
       -2.14302512657027        0.65759650123692        9.90479820509957      h
       -5.51127283873677        0.64325077757718        9.43226479394733      h
       -3.84403175960291       -2.25278211288534        9.86680331990666      h
       -8.41354375104364       -5.61700974264332       -5.85851417827033      c
       -7.81668243794413       -6.01567891590303       -8.45499728213819      c
       -7.32631580013348       -6.02798700614140      -10.56398974120670      n
       -8.84246870009960       -3.60683102694508       -5.67270910960960      h
      -10.05273097450520       -6.74235777358301       -5.33328008581258      h
       -6.89479644732933       -6.19806110837203       -4.59778707607981      h
       -9.93000416979063       84.20204039404307       -4.24993657077391      c
       -8.12654729866752       85.86573209949749       -5.36688121286930      c
       -6.68061341530310       87.15043218333787       -6.33828196999365      n
      -10.00843850467145       82.48701736893540       -5.38489344887797      h
       -9.40812639689143       83.78147847285047       -2.30530455509511      h
      -11.77980430133302       85.11637639423815       -4.21844109731469      h
       -7.17724834087922        3.95063686363286       12.08988647034086      c
       -7.69021039053300        1.38408366146291       12.73038985011735      c
       -8.37677325754419       -0.64263817697182       13.06493525693371      n
       -6.25403645890971        4.98533059211507       13.61524572266748      h
       -6.13989834348025        4.05457214207578       10.31418345501521      h
       -9.05768147197351        4.74722416746087       11.83506266485452      h
      -13.39331396279361       -5.28930001388620       -0.48628166527017      c
      -10.73281552229941       -4.93831684239295       -0.22578761457626      c
       -8.58040013687583       -4.79810612760697       -0.39413065349383      n
      -13.85651477858236       -5.17951799264042       -2.49452145501543      h
      -13.96531976851227       -7.13300613753453        0.22788696872272      h
      -14.50093549357452       -3.85422861304351        0.49433650534094      h
       -0.71638181851553        8.63036624604774        3.62143386844244      c
        1.57572633172211        8.82996287787815        5.03906784010447      c
        3.29568475284395        8.99066847108717        6.34731087532793      n
       -1.99937733762855        7.36807177579571        4.62281366622439      h
       -1.49412199441390       10.52749229011746        3.43101267209831      h
       -0.31751487384095        7.79022342645380        1.78557600764507      h
       -9.15701772346974        0.67107850350691        2.45754898620820      c
       -9.24931689991008        1.81960046939828        4.88906129077295      c
       -9.30977210912581        2.74776949163359        6.84474909369714      n
       -7.19648493633882        0.32405018482466        1.94041226378663      h
      -10.21113600281069       -1.09337922911152        2.57282804535867      h
      -10.08762337888844        1.89667869518752        1.09038219349604      h
       22.88019787975151        2.89080645740657       48.88910619860272      c
       24.09645934792792        0.74032638963609       49.95967508762247      c
       25.15565592548506       -0.90085796563691       50.89962732189343      n
       22.07739907679622        4.09116623690684       50.36779834527226      h
       24.34071635483619        3.92807470836353       47.87533542463540      h
       21.35972595449083        2.31012882915096       47.62794499723376      h
       -7.27705067051732       -7.56136949934582        6.19735508520033      c
       -9.57015901341000       -6.20247487044661        5.79805804071380      c
      -11.39180376638442       -5.09654787295236        5.40703718456648      n
       -7.50253969000181       -9.53889296755331        5.67002174192145      h
       -5.85174933261436       -6.73687178275332        4.95348902251865      h
       -6.76436136896095       -7.35985953462531        8.18168318495286      h
      -11.73584747849849      -24.99806172037709      -24.79388957943621      c
      -12.11238840379686      -25.04215971661676      -27.47057750161383      c
      -12.27106321509226      -25.32248526503960      -29.60821599125549      n
      -13.25064936303494      -23.96534126445021      -23.85792075104987      h
      -11.74948619292343      -26.94579159622144      -24.11550343819275      h
       -9.96550472966596      -24.03788542613576      -24.37908838133400      h
       -0.98349313301970      -15.72556533602955        3.84907096604822      c
       -3.35354605436839      -14.43569671008001        4.06428990286139      c
       -5.11525697654726      -13.24572498299425        4.45931051408767      n
       -1.20178441600501      -17.76082151009172        3.61569407921527      h
        0.00561029269388      -14.91792632203481        2.23197898927582      h
        0.00455244529456      -15.37266359994736        5.61963596233958      h
      -13.02503645479035      -15.64762905421170      -20.60287796617538      c
      -11.90817415473948      -17.14175290909618      -22.54630394982300      c
      -10.98311615542715      -18.50192820239440      -23.95567625804059      n
      -11.79314368960900      -15.61528393762327      -18.95135011247044      h
      -13.36862875076423      -13.68975693571761      -21.15868725105087      h
      -14.81857184451754      -16.45300601748845      -19.99447047313755      h
$end
