$coord
          3.939291087451          3.068119186376         -2.258955782416     c 
          4.480919309344          3.003781148495         -4.229104050692     h 
          5.616936611940          2.913427736483         -0.166645701102     c 
          7.647852298491          2.709123695716         -0.273573831574     h 
          4.191074797696          3.299364374047          2.074614741949     c 
          4.956526854347          3.463429907400          3.962032690520     h 
          1.492829335675          3.568297113334         -1.310001564504     c 
         -0.193828007651          3.891748069069         -2.416181319847     h 
          1.662141126775          3.756504636650          1.355318595323     c 
          0.116712779948          4.224738723656          2.606314264336     h 
          3.886646413718         -3.056512832770         -2.281621590278     c 
          4.351656379566         -2.995724260147         -4.271400474200     h 
          5.640291956423         -2.869209906903         -0.255339986265     c 
          7.662365526062         -2.635570547948         -0.440798484803     h 
          4.306753626942         -3.263637079001          2.040004421581     c 
          5.145097202401         -3.404567824778          3.898020322907     h 
          1.486847143054         -3.588218850523         -1.238319297772     c 
         -0.236717731786         -3.936153921089         -2.278274028442     h 
          1.758067695124         -3.753243106478          1.420420331176     c 
          0.267382173036         -4.228544971679          2.733436409191     h 
          2.863661036379         -0.004441545353          0.129817322838     fe
         -2.663493474379         -0.006836079842         -2.712274936191     f 
         -4.250013192744         -0.005060579134         -0.012360887541     p 
         -4.147034240663         -3.105264827139          0.000573528802     f 
         -4.101160958239          3.094758568802          0.022223598762     f 
         -6.929304191000          0.020867537090         -1.477624794006     f 
         -5.575379223212         -0.004003601175          2.757747751103     f 
         -1.369950297940         -0.030456612402          1.477846129291     f 
$end
