           1           2  0.96033319543240281     
           1           3   1.2587843215810897     
           3           4  0.95754303873508251     
           3           5   1.2929934398324512     
           5           6  0.94688318434349605     
           1           7   1.2648276221210766     
           7           8  0.95822728974035476     
           5           9   1.2578255577164226     
           7           9   1.2937742378576287     
           9          10  0.95513709479302100     
          11          12  0.95988195622516814     
          11          13   1.2589821197698892     
          13          14  0.95766521300324092     
          13          15   1.2862738615491593     
          15          16  0.94746794056954120     
          11          17   1.2642253239826622     
          17          18  0.95762498923903094     
          15          19   1.2615495727734574     
          17          19   1.2902255635134796     
          19          20  0.95375149920886226     
           1          21  0.39217839900635243     
           3          21  0.38185141406123763     
           5          21  0.37041057241138764     
           7          21  0.37864673811299593     
           9          21  0.36162042768803421     
          11          21  0.39406828093143104     
          13          21  0.38672384090919554     
          15          21  0.38144447966115225     
          17          21  0.38537207325197603     
          19          21  0.35433453997032421     
          22          23  0.96929846505477069     
          23          24   1.0068379611992961     
          23          25  0.92975850265019111     
          23          26   1.0287626034666300     
          23          27  0.96357611088778061     
          21          28  0.21083006287849501     
          23          28  0.78126444279957030     
