   -0.07835766
    0.13178105
   -0.07635885
    0.10132143
   -0.07782558
    0.09487973
   -0.07740408
    0.11005050
   -0.07889898
    0.10014807
   -0.08249530
    0.13404275
   -0.07747215
    0.09802074
   -0.07130922
    0.08926536
   -0.07810274
    0.10297994
   -0.07258155
    0.09218320
    0.69819249
   -0.35861100
    1.12210096
   -0.35865825
   -0.34841921
   -0.35662316
   -0.34835816
   -0.34691860
   -0.12426009
    0.12315587
   -0.28436812
    0.09260149
    0.08599104
    0.10244024
   -0.12592621
    0.12860671
   -0.29302181
    0.09458060
    0.09740068
    0.10279982
   -0.12742605
    0.12413448
   -0.28264336
    0.09707421
    0.09778682
    0.09101499
   -0.12710609
    0.12405270
   -0.28572774
    0.10204288
    0.08734906
    0.09899167
   -0.12507588
    0.12449865
   -0.28400390
    0.09421462
    0.09256816
    0.09780194
   -0.12463219
    0.12396428
   -0.28421922
    0.09651568
    0.09511744
    0.09190447
   -0.12491727
    0.12816036
   -0.28715672
    0.09604968
    0.09836235
    0.09634872
   -0.12428154
    0.12392432
   -0.28272291
    0.09161991
    0.09450947
    0.09694364
   -0.12158507
    0.12488897
   -0.27974395
    0.09645238
    0.08476207
    0.09493976
   -0.12628261
    0.12453297
   -0.28883121
    0.09188019
    0.10153908
    0.09717853
   -0.12627662
    0.12375900
   -0.28316196
    0.09990612
    0.09357459
    0.09107995
   -0.13084172
    0.12299385
   -0.29572602
    0.11098950
    0.08922973
    0.09650414
   -0.12625768
    0.12771099
   -0.28239632
    0.09897083
    0.09551955
    0.09477481
   -0.12397746
    0.12461457
   -0.28233364
    0.08991719
    0.09679187
    0.09375651
   -0.12308194
    0.12420016
   -0.28132519
    0.09306762
    0.09420353
    0.09293614
   -0.12639983
    0.12902932
   -0.28481287
    0.09906883
    0.09526569
    0.09742083
   -0.12883024
    0.12227271
   -0.29213448
    0.08888309
    0.11341157
    0.09073341
   -0.13037583
    0.12880521
   -0.29353625
    0.10282797
    0.10599140
    0.09543105
   -0.12499182
    0.12389705
   -0.28472540
    0.09265649
    0.09588784
    0.09728220
   -0.13218724
    0.12712301
   -0.30204183
    0.12302464
    0.08965006
    0.09091067
