$coord
         -7.725872851196          1.554689346315         -2.000282983773     c 
         -7.657979154949          2.566617510499         -3.771846914597     h 
         -7.578966935123          2.647576271799          0.465673293229     c 
         -7.415676191342          4.637122884326          0.892851672956     h 
         -7.704775373187          0.635553781756          2.264454720124     c 
         -7.623628654371          0.829171721365          4.294830811127     h 
         -7.950183382990         -1.109901769604         -1.713620050670     c 
         -8.027901691826         -2.474759439070         -3.230354423666     h 
         -7.936443806389         -1.674967119428          0.907424846095     c 
         -8.005381044736         -3.543872908016          1.726570729745     h 
         -1.400424149041          0.594292429419         -2.340332339815     c 
         -1.470136751849          1.024719937156         -4.334379705093     h 
         -1.244597461339          2.389504036646         -0.325927045620     c 
         -1.201926615300          4.420863948402         -0.523107108689     h 
         -1.169694065639          1.025284424140          1.993174248517     c 
         -1.117461846981          1.843042868008          3.863501693022     h 
         -1.428938600625         -1.872137549033         -1.241482987437     c 
         -1.565682114559         -3.639106239262         -2.254760350525     h 
         -1.281866945905         -1.593696910646          1.427654402419     c 
         -1.338647926525         -3.109229268751          2.794622105121     h 
         -4.541786331308          0.267090437359         -0.059657735958     fe
          6.522170812932         -2.909696292199         -0.363414603582     f 
          6.932358931749          0.210305405657         -0.288106808211     p 
          9.874004638033          0.670776494614         -1.327737818830     f 
          4.506285400796          0.459066650776          1.676791717311     f 
          8.648623760362         -0.074508626116          2.341952710827     f 
          4.877413516094          2.161863089293         -1.623245772396     f 
          4.626762515118         -1.885898024986         -0.891361345257     f 
          2.245881186791          6.577593163512         12.434407050982     c 
          5.004877046711          6.450166894162         12.495835325126     c 
          7.194551442618          6.349030087504         12.544581632984     n 
          1.514824447106          7.495249347437         14.136684914166     h 
          1.596671123453          7.655949192266         10.794296523441     h 
          1.425329810296          4.683228646249         12.323235035869     h 
         -8.396725468198          1.625085466868         13.595240808904     c 
         -5.637729646014          1.497658318460         13.656667410654     c 
         -3.448055212371          1.396522390860         13.705415390906     n 
         -9.127784096037          2.542741727841         15.297518674195     h 
         -9.045937419689          2.703441572671         11.955130283470     h 
         -9.217278837790         -0.269281523447         13.484068003369     h 
         -1.249853945208         14.022460324542          5.235067990941     c 
          1.509141809769         13.895031505090          5.296495472556     c 
          3.698816310620         13.793897248534          5.345242572943     n 
         -1.980912640254         14.940114914471          6.937346736096     h 
         -1.899066001644         15.100813880243          3.594956672979     h 
         -2.070407314799         12.128093334226          5.123895185406     h 
          4.070783727795         -3.532196488437         12.659746656610     c 
          6.829779549978         -3.659623636845         12.721173258361     c 
          9.019453983622         -3.760759564445         12.769921238613     n 
          3.339725099955         -2.614540227465         14.362024521901     h 
          3.421573626720         -2.453841338740         11.019634456678     h 
          3.250230358203         -5.426563478753         12.548573851077     h 
        -14.676788055063          6.411236806949          6.173731764790     c 
        -11.917792262350          6.283808866555          6.235160918799     c 
         -9.728117799236          6.182673730940          6.283906346792     n 
        -15.407846712372          7.328892275935          7.876012182339     h 
        -15.326000006554          7.489592912751          4.533621239358     h 
        -15.497341386918          4.516870695690          6.062560631649     h 
          8.915708986795          9.157528905643          2.515354352586     c 
         11.674706734868          9.030102559245          2.576782624623     c 
         13.864379309829          8.928967500678          2.625528054724     n 
          8.184652247110         10.075185089567          4.217632215770     h 
          8.266498923457         10.235884934396          0.875243825046     h 
          8.095157610300          7.263164388379          2.404182337473     h 
         -6.675067726603         -9.152239368270         10.808799305025     c 
         -3.916071971627         -9.279668187722         10.870226786640     c 
         -1.726397470776         -9.380802444279         10.918973887027     n 
         -7.406126421650         -8.234584778342         12.511078050181     h 
         -7.324279745302         -8.073884933512          9.168689659456     h 
         -7.495621096195        -11.046606358587         10.697626499491     h 
         -8.792161499741         13.503415171368         -2.734380402132     c 
         -6.033165744765         13.375986351916         -2.672952920517     c 
         -3.843491243914         13.274852095359         -2.624205820130     n 
         -9.523218306634         14.421069684248         -1.032101659084     h 
         -9.441371630286         14.581769529078         -4.374490049808     h 
         -9.612714869333         11.609048181051         -2.845553207666     h 
         10.999573058770         -3.803441555689          4.233512646189     c 
         13.758568813746         -3.930870375140          4.294940127805     c 
         15.948243314597         -4.032004631697          4.343687228192     n 
         10.268514363723         -2.885786965760          5.935791391345     h 
         10.350361002335         -2.725087999988          2.593401328228     h 
         10.179019689178         -5.697808546005          4.122339840656     h 
        -16.603825628629         -3.923797803903          3.237141314859     c 
        -13.844829768709         -4.051224073253          3.298569589004     c 
        -11.655155267858         -4.152358329811          3.347316689390     n 
        -17.334882330578         -3.006140740921          4.939420850437     h 
        -17.253035691967         -2.845441775149          1.597030787320     h 
        -17.424378893278         -5.818162244119          3.125969301854     h 
          4.079958811460         11.494450060204         -7.016343933109     c 
          6.838954671380         11.367023790853         -6.954915658965     c 
          9.028629067287         11.265886984195         -6.906169351107     n 
          3.348900183620         12.412106321176         -5.314066067818     h 
          3.430746859968         12.572806166005         -8.656454458542     h 
          3.259405546811          9.600085619988         -7.127515946115     h 
          1.175960503768        -13.452763331833          4.479659378526     c 
          3.934956258744        -13.580192151284          4.541086860142     c 
          6.124630759595        -13.681326407842          4.589833960529     n 
          0.444901808721        -12.535108741904          6.181938123682     h 
          0.526750373223        -12.374408974123          2.839549730851     h 
          0.355407134176        -15.347130322150          4.368486572992     h 
        -14.962819812314          5.356310475232         -6.725253604300     c 
        -12.203822169184          5.228881578732         -6.663826124791     c 
        -10.014149556487          5.127747399223         -6.615079022297     n 
        -15.693876619207          6.273964988112         -5.022974861250     h 
        -15.612029942860          6.434664832942         -8.365363251975     h 
        -15.783371293752          3.461943407868         -6.836426411941     h 
         10.931806955362         -0.144308559154         -6.100765696211     c 
         13.690804665699         -0.271735784611         -6.039339096567     c 
         15.880477211190         -0.372871635163         -5.990591114208     n 
         10.200750215677          0.773347624769         -4.398487833027     h 
         10.282596854287          0.934046590542         -7.740877896144     h 
         10.111255541131         -2.038673955475         -6.211939383717     h 
        -10.843985376581        -12.237147539862         -0.935555924332     c 
         -8.084987628508        -12.364573886260         -0.874127652295     c 
         -5.895315083017        -12.465709736813         -0.825379669937     n 
        -11.575042078530        -11.319490476880          0.766723611245     h 
        -11.493195439919        -11.158791511107         -2.575666451872     h 
        -11.664536753076        -14.131512057125         -1.046727939445     h 
         -4.003820672400          7.347929261464        -13.066869425460     c 
         -1.244822991533          7.220501244022        -13.005440273558     c 
          0.944849583427          7.119366185455        -12.956694843458     n 
         -4.734877479293          8.265583774345        -11.364590682411     h 
         -4.653030735738          8.426285290217        -14.706979953000     h 
         -4.824372116102          5.453563073158        -13.178040560708     h 
          5.510361918771        -11.116235266474         -5.258753282707     c 
          8.269359666845        -11.243661612873         -5.197325010669     c 
         10.459032174600        -11.344798342482         -5.148578700705     n 
          4.779305179086        -10.198579082550         -3.556475419523     h 
          4.861151855434        -10.037879237720         -6.898863810247     h 
          4.689810542277        -13.010599783737         -5.369925297820     h 
        -12.751750048126         -4.966443654696         -9.761673849125     c 
         -9.992754225943         -5.093870803104         -9.700247247375     c 
         -7.803079792299         -5.195006730704         -9.651499267123     n 
        -13.482806787812         -4.048787470772         -8.059395985940     h 
        -13.400960111464         -3.888087625942        -11.401784376665     h 
        -13.572303350511         -6.860808973969         -9.872847534524     h 
          2.817182687096         -1.034591351376        -13.862166874791     c 
          5.576178509279         -1.162018499784        -13.800740273040     c 
          7.765852942923         -1.263154427383        -13.751992292789     n 
          2.086124059256         -0.116935090403        -12.159889009501     h 
          2.167970697867          0.043763875369        -15.502279072617     h 
          1.996629384711         -2.928956670648        -13.973340560190     h 
         -3.344341375209        -10.491306088653        -10.434907196271     c 
         -0.585345620233        -10.618734908104        -10.373479714656     c 
          1.604328880618        -10.719869164661        -10.324732614268     n 
         -4.075400070256         -9.573651498724         -8.732628451115     h 
         -3.993553431645         -9.412952532952        -12.075018514232     h 
         -4.164894744801        -12.385673078969        -10.546080001805     h 
$end
