           1           2  0.93210789852733633     
           1           3   1.2957496835642039     
           3           4  0.95117700889628964     
           3           5   1.2983327713478054     
           5           6  0.95289057934372456     
           1           7   1.2966542287035383     
           7           8  0.94895663581109946     
           5           9   1.2995816756252019     
           7           9   1.2953035707655214     
           9          10  0.95146777642154334     
          11          12  0.93135583252565868     
          11          13   1.2956975376639666     
          13          14  0.95229200738344599     
          13          15   1.3013618033718826     
          15          16  0.95239477808909045     
          11          17   1.2957454409351274     
          17          18  0.95083231453235162     
          15          19   1.3017353583895481     
          17          19   1.2991718954035563     
          19          20  0.95284907316426370     
           1          21  0.32386553781640443     
           3          21  0.32280092875180100     
           5          21  0.31721659148937226     
           7          21  0.32503308518733709     
           9          21  0.32029173258176735     
          11          21  0.32517962025532821     
          13          21  0.31932969532990657     
          15          21  0.31436986666215289     
          17          21  0.32176666592342534     
          19          21  0.31590691299471230     
          22          23  0.89411850295727613     
          23          24  0.89478356983129070     
          23          25  0.90555396899654661     
          23          26  0.89777717068347196     
          23          27  0.90613501518121531     
          23          28  0.90728802564386868     
          29          30   1.0839553899588641     
          30          31   2.8238509272734542     
          29          32  0.94697852473036170     
          29          33  0.94789226275697536     
          29          34  0.93571845632903317     
          35          36   1.0879704522320133     
          36          37   2.8118193754469134     
          35          38  0.94456715057190610     
          35          39  0.94412751955920426     
          35          40  0.94362274284998482     
          41          42   1.0843629353677937     
          42          43   2.8249422956209833     
          41          44  0.94570798287227620     
          41          45  0.94515889597134572     
          41          46  0.94600952777491809     
          47          48   1.0851465234283306     
          48          49   2.8223687543081586     
          47          50  0.94492036124896761     
          47          51  0.94363498353009989     
          47          52  0.94487643748989858     
          53          54   1.0843133497409181     
          54          55   2.8240498630532791     
          53          56  0.94585869986570059     
          53          57  0.94633156185556921     
          53          58  0.94519171051428585     
          59          60   1.0837614299153409     
          60          61   2.8238810798040497     
          59          62  0.94633094250544214     
          59          63  0.94630055376060207     
          59          64  0.94390915018753541     
          65          66   1.0876189169958121     
          66          67   2.8143913832936178     
          65          68  0.94474330753319768     
          65          69  0.94456444834886999     
          65          70  0.94448201313124713     
          71          72   1.0845175873420350     
          72          73   2.8240146730135947     
          71          74  0.94621999356557718     
          71          75  0.94620252522091841     
          71          76  0.94500640605139519     
          77          78   1.0851220876505399     
          78          79   2.8231913354558249     
          77          80  0.94579043458539436     
          77          81  0.94481073577452512     
          77          82  0.94592381957809213     
          83          84   1.0851145539164286     
          84          85   2.8223194522792125     
          83          86  0.94610295392053334     
          83          87  0.94427001565853130     
          83          88  0.94497753707424437     
          89          90   1.0857091723812575     
          90          91   2.8221211050519144     
          89          92  0.94492344018775420     
          89          93  0.94587104224118990     
          89          94  0.94352784801298362     
          95          96   1.0873480914117528     
          96          97   2.8174593878829635     
          95          98  0.93081302315590797     
          95          99  0.94634980135587665     
          95         100  0.94504114004432516     
         101         102   1.0880674069142573     
         102         103   2.8142811419855414     
         101         104  0.94336730256098245     
         101         105  0.94498959828403573     
         101         106  0.94544031908184867     
         107         108   1.0844423513241648     
         108         109   2.8234775929963458     
         107         110  0.94418630418983862     
         107         111  0.94600829374665851     
         107         112  0.94630225833833070     
         113         114   1.0836164808844848     
         114         115   2.8250129500130865     
         113         116  0.94641159888906545     
         113         117  0.94658041551380223     
         113         118  0.94615900063078540     
         119         120   1.0889061857812072     
         120         121   2.8139090918532434     
         119         122  0.94390689871515976     
         119         123  0.94443175831937975     
         119         124  0.94442211580686786     
         125         126   1.0878614791371795     
         126         127   2.8173760537706216     
         125         128  0.94636386793532479     
         125         129  0.93043966022393654     
         125         130  0.94590708320175687     
         131         132   1.0902467965511007     
         132         133   2.8111921836765168     
         131         134  0.94268858527659183     
         131         135  0.94170856256590985     
         131         136  0.94410330855136404     
         137         138   1.0844994436654878     
         138         139   2.8241132354710210     
         137         140  0.94594066397283960     
         137         141  0.94548514658670568     
         137         142  0.94529601736728608     
         143         144   1.0937452797974314     
         144         145   2.8025573370683969     
         143         146  0.92431485132838154     
         143         147  0.94445625658566845     
         143         148  0.94480234821771747     
