   -0.01800444
   -0.01752725
   -0.03550387
    0.02843051
    0.06693739
   -0.04792079
    0.00542255
    0.07346229
   -0.04652089
   -0.01787691
   -0.02139265
   -0.03548018
    0.02711037
    0.08464864
    0.08965137
    0.10317715
    0.07590894
    0.10882453
    0.08314568
    0.08120962
    0.07622046
    0.12708912
   -0.02813849
    0.10340682
    0.08850900
    0.07355504
    0.05277882
    0.05447374
   -0.31765833
    0.07288873
    0.03968001
    0.05165707
    0.07668661
    0.04385279
    0.03603075
   -0.31896447
    0.02760456
    0.03575393
    0.07194455
    0.03941703
    1.11004354
   -0.34995364
   -0.34832225
   -0.35292173
   -0.35314697
   -0.35257594
   -0.34923749
   -0.12441910
    0.12386321
   -0.28652333
    0.09658265
    0.09476986
    0.09572636
   -0.12436774
    0.12357110
   -0.28609515
    0.09395580
    0.09586605
    0.09707042
   -0.12551560
    0.12375977
   -0.28725003
    0.09359989
    0.09881284
    0.09659296
   -0.12287862
    0.12421906
   -0.28358842
    0.09235398
    0.09540204
    0.09449225
   -0.12543569
    0.12642740
   -0.28653246
    0.09918279
    0.09626319
    0.09546696
   -0.12320956
    0.12474093
   -0.28611855
    0.09325410
    0.09324872
    0.09808428
   -0.12264678
    0.12417087
   -0.28041491
    0.09976146
    0.08507140
    0.09366062
   -0.12274952
    0.12362923
   -0.28151102
    0.09295185
    0.09196444
    0.09571516
   -0.12393349
    0.12352117
   -0.28627953
    0.09649914
    0.09469731
    0.09549523
   -0.12481322
    0.12418009
   -0.28106556
    0.09739053
    0.08811608
    0.09520624
   -0.12428992
    0.12435116
   -0.28564341
    0.09238721
    0.09551131
    0.09768420
   -0.12290584
    0.12476198
   -0.27974060
    0.09513785
    0.08657793
    0.09617441
   -0.12417354
    0.12397271
   -0.28344634
    0.09477181
    0.09188890
    0.09698673
   -0.12340786
    0.12372969
   -0.28531303
    0.09530473
    0.09593681
    0.09374989
   -0.12353040
    0.12352088
   -0.28224508
    0.08846927
    0.09645225
    0.09636440
   -0.12509425
    0.12454093
   -0.29053909
    0.09920909
    0.09481417
    0.09706948
   -0.12664168
    0.12406514
   -0.29173431
    0.09247228
    0.10442320
    0.09179620
   -0.12241703
    0.12474675
   -0.28014144
    0.08430949
    0.09556019
    0.09768211
   -0.12306048
    0.12504963
   -0.28464456
    0.09446268
    0.09275094
    0.09544172
   -0.12641840
    0.12789291
   -0.28889872
    0.09175053
    0.10302959
    0.09712030
