           1           2   1.3607030749326106     
           2           3   1.4812655942282484     
           3           4   1.3593011515204867     
           4           5   1.2711777289241490     
           1           6   1.4986291032641519     
           3           6  0.10446564128649188     
           5           6   1.3104833936558311     
           5           7   1.1575504677387449     
           7           8   1.1589278210996450     
           8           9   1.3099721017148480     
           9          10   1.5007493646870274     
          10          11   1.3578766740261135     
           9          12  0.10467081715145896     
          11          12   1.4831524785165962     
           8          13   1.2677524761949106     
          12          13   1.3594310999506742     
           1          14  0.96439077485842839     
           2          15  0.96301004054518280     
           3          16  0.95048949350273837     
           6          17  0.95829245432290822     
           9          18  0.94304824225603823     
          10          19  0.96462752844251520     
          11          20  0.96443753141474065     
          12          21  0.96245418863271903     
           4          22   1.1040375928037478     
          13          22   1.1081937591059274     
           7          23  0.98077315984163671     
          23          24  0.95426166548982982     
          23          25  0.95905477019122398     
          23          26  0.97917838942806767     
          26          27  0.96399845923876792     
          26          28  0.96314121605082836     
          26          29  0.98576265490336723     
          29          30  0.97225262070863927     
          30          31  0.96675048156615462     
          30          32  0.96484988389188819     
          30          33  0.99978897307174575     
          33          34  0.96449957269929576     
          33          35  0.96488968126158070     
          33          36  0.98931097379625021     
          36          37  0.98962879269123405     
          37          38  0.97721231453264201     
          37          39  0.97881478728881066     
          37          40  0.97754116548666170     
          41          42  0.90467891767488640     
          41          43  0.90802239629294645     
          41          44  0.89964995233816258     
          41          45  0.90246565652116395     
          41          46  0.90173139914925093     
          41          47  0.90674117773202967     
          48          49   1.0833825193240674     
          49          50   2.8249179280692003     
          48          51  0.94575256755175052     
          48          52  0.94624988006126576     
          48          53  0.94568266946459678     
          54          55   1.0828274908511275     
          55          56   2.8253848070539052     
          54          57  0.94643101571187471     
          54          58  0.94613227635347064     
          54          59  0.94586293469066951     
          60          61   1.0851903115816706     
          61          62   2.8223554007509670     
          60          63  0.94603651603056094     
          60          64  0.94432215549732978     
          60          65  0.94518414963262953     
          66          67   1.0836605082485109     
          67          68   2.8247044167067554     
          66          69  0.94680130188086820     
          66          70  0.94565905984063492     
          66          71  0.94599324922165096     
          72          73   1.0862008923781490     
          73          74   2.8180767784799978     
          72          75  0.94424574780054393     
          72          76  0.94534282979560802     
          72          77  0.94537362225102239     
          78          79   1.0831923241495187     
          79          80   2.8248977888959597     
          78          81  0.94684314243352274     
          78          82  0.94648431723391402     
          78          83  0.94520378125829552     
          84          85   1.0843629395534757     
          85          86   2.8243300821350412     
          84          87  0.94504200588015774     
          84          88  0.94540325878749387     
          84          89  0.94622555314646650     
          90          91   1.0824135656197216     
          91          92   2.8269464051032727     
          90          93  0.94655041508488924     
          90          94  0.94739631258841250     
          90          95  0.94603667126870672     
          96          97   1.0831031729251481     
          97          98   2.8253183321906237     
          96          99  0.94588757468872198     
          96         100  0.94638885524582239     
          96         101  0.94570655560441419     
         102         103   1.0852655476527977     
         103         104   2.8227924770578117     
         102         105  0.94508335596666537     
         102         106  0.94440199534797076     
         102         107  0.94617874882314223     
         108         109   1.0838966042105853     
         109         110   2.8241849578578573     
         108         111  0.94666565445780304     
         108         112  0.94571554571338556     
         108         113  0.94522030150460479     
         114         115   1.0839216036977011     
         115         116   2.8252278864920743     
         114         117  0.94589303325942808     
         114         118  0.94720517489804479     
         114         119  0.94584515066375641     
         120         121   1.0834057292547739     
         121         122   2.8253056776944714     
         120         123  0.94625317939633480     
         120         124  0.94677722526284014     
         120         125  0.94533355717170786     
         126         127   1.0829641814928916     
         127         128   2.8256653635234450     
         126         129  0.94618508865073547     
         126         130  0.94575994347371029     
         126         131  0.94642782095297973     
         132         133   1.0843457297901415     
         133         134   2.8237994501372863     
         132         135  0.94464334334812705     
         132         136  0.94579970289812332     
         132         137  0.94596612346006936     
         138         139   1.0843251001958298     
         139         140   2.8227786509728654     
         138         141  0.94499295151900775     
         138         142  0.94588239016085063     
         138         143  0.94524455171567767     
         144         145   1.0879828875466033     
         145         146   2.8171753191613820     
         144         147  0.94553466623338922     
         144         148  0.93198070913758535     
         144         149  0.94597812639894840     
         150         151   1.0860846746767230     
         151         152   2.8219606985540788     
         150         153  0.94438358752698948     
         150         154  0.94539257687915135     
         150         155  0.94510669591027463     
         156         157   1.0848393291900336     
         157         158   2.8229914312512570     
         156         159  0.94557972780333288     
         156         160  0.94628120743769095     
         156         161  0.94541167951958049     
         162         163   1.0899136430584884     
         163         164   2.8100692479923524     
         162         165  0.94254255156961586     
         162         166  0.94258020843866719     
         162         167  0.94413640571153201     
