   -0.03287101
   -0.04115898
   -0.04221664
    0.03444346
    0.05930485
   -0.05668988
   -0.08568847
    0.05831568
   -0.05859997
   -0.03603206
   -0.04218037
   -0.04134873
    0.03430305
    0.03902986
    0.03768193
    0.04369948
    0.04221447
    0.04122905
    0.03915283
    0.04169581
    0.04490612
   -0.17965233
   -0.00356789
    0.05423020
    0.07083611
    0.08354114
    0.02804218
    0.02805792
   -0.31913557
    0.07979550
    0.03221067
    0.04103123
    0.07768287
    0.04759967
    0.03146892
   -0.32262483
    0.03281964
    0.03577372
    0.06619041
    0.03662759
   -0.12889049
    0.13103911
   -0.30397573
    0.08853747
    0.11810347
    0.09202754
   -0.12471939
    0.12966419
   -0.29531948
    0.10460971
    0.09483458
    0.09079612
   -0.13045942
    0.13072118
   -0.30751502
    0.09970716
    0.11455286
    0.09160071
   -0.12124131
    0.12905790
   -0.28666791
    0.09564148
    0.09388054
    0.09409180
   -0.03308734
    0.11908071
   -0.23487594
    0.05888144
    0.05899686
    0.05413545
   -0.12052659
    0.12797700
   -0.28740176
    0.09153829
    0.09809087
    0.09452195
   -0.12881931
    0.13124812
   -0.30212489
    0.09092050
    0.11939553
    0.08983544
   -0.12101449
    0.12916060
   -0.29074511
    0.09155283
    0.09487958
    0.09601172
   -0.12854226
    0.11667383
   -0.23645392
    0.07765360
    0.08409127
    0.08684272
   -0.12317081
    0.12507189
   -0.28715457
    0.09668457
    0.09450285
    0.09406610
   -0.10140108
    0.07076956
   -0.21046258
    0.04815538
    0.04729811
    0.05895282
   -0.12742558
    0.13475648
   -0.30407309
    0.11375445
    0.09143985
    0.09592163
   -0.00038463
    0.16469248
   -0.35021260
    0.05002846
    0.07695644
    0.04140274
   -0.12802262
    0.12520534
   -0.29766240
    0.08801954
    0.11604062
    0.08799230
   -0.12855353
    0.13012724
   -0.30069814
    0.11894971
    0.08931473
    0.09152042
   -0.12972111
    0.11997439
   -0.23578487
    0.09268784
    0.08483957
    0.07995208
   -0.12723967
    0.12589186
   -0.30420259
    0.10756062
    0.10277690
    0.08519402
   -0.12130049
    0.12963577
   -0.29115449
    0.09903674
    0.09554032
    0.09469291
   -0.12965105
    0.13217579
   -0.30525923
    0.09239303
    0.11717453
    0.09676112
   -0.12487768
    0.12478563
   -0.29914099
    0.09882821
    0.08543475
    0.10440271
   -0.12379076
    0.13159678
   -0.29086756
    0.09632150
    0.09878076
    0.09753001
   -0.12690398
    0.12352609
   -0.29648067
    0.08999974
    0.11021922
    0.09336222
   -0.12861079
    0.12405507
   -0.29757584
    0.08901952
    0.08870214
    0.11572795
   -0.12448164
    0.12385192
   -0.28976696
    0.09207654
    0.10463230
    0.08892439
   -0.12154171
    0.11866836
   -0.22323604
    0.07216624
    0.07558599
    0.05522636
   -0.12112290
    0.12364489
   -0.28305460
    0.09379960
    0.09396106
    0.09277182
   -0.12220866
    0.12424352
   -0.28339908
    0.09345943
    0.09373973
    0.09416528
   -0.12325620
    0.12604282
   -0.29119965
    0.09628893
    0.09551255
    0.09676582
   -0.12785710
    0.11671739
   -0.23600604
    0.08543081
    0.07699636
    0.08445301
   -0.12412185
    0.12986759
   -0.29056636
    0.09809286
    0.09625754
    0.09859840
   -0.05483438
    0.11991298
   -0.27819669
    0.07938668
    0.08072613
    0.12503618
   -0.12981273
    0.13040791
   -0.30352445
    0.08873618
    0.12132025
    0.09200211
   -0.12606573
    0.06033002
   -0.12111245
    0.07072218
    0.06386812
    0.06977548
   -0.12670840
    0.12913479
   -0.29990705
    0.11120141
    0.09280715
    0.09434192
   -0.12296075
    0.12429988
   -0.28539044
    0.09302679
    0.09788769
    0.09313715
   -0.12907917
    0.12179662
   -0.23814546
    0.07912904
    0.08537116
    0.08939539
   -0.12663362
    0.12771438
   -0.29771533
    0.11331382
    0.09190534
    0.08921133
   -0.12607808
    0.12335711
   -0.29353297
    0.10880544
    0.09082903
    0.09016820
   -0.12377055
    0.12959494
   -0.28876500
    0.09701503
    0.09622791
    0.09813057
   -0.12326328
    0.12905823
   -0.29163356
    0.09653493
    0.09671385
    0.09816257
