           1           2   1.4315142000628782     
           2           3   1.4276764982332502     
           3           4   1.4166402003448459     
           4           5   1.3307631617689175     
           1           6   1.4424439725740474     
           5           6   1.3657276949768260     
           5           7   1.0801670849026004     
           7           8   1.0820062178473797     
           8           9   1.3630756258432917     
           9          10   1.4432689464840467     
          10          11   1.4308056608358293     
          11          12   1.4274488408368309     
           8          13   1.3309263822570363     
          12          13   1.4171465219573169     
           1          14  0.97027152028840369     
           2          15  0.96980878476738275     
           3          16  0.96817212949318765     
           6          17  0.96375077493144101     
           9          18  0.96328185228102958     
          10          19  0.97018115331247201     
          11          20  0.96956570844595902     
          12          21  0.96803292359934556     
           4          22   1.0095413475823711     
          13          22   1.0089704526468859     
           7          23  0.99695752825829220     
          23          24  0.96147111098990123     
          23          25  0.96548388549961006     
          23          26  0.98953313771147333     
          26          27  0.96718914569231007     
          26          28  0.96437375142232584     
          26          29  0.98308683329851021     
          29          30  0.98346952038383728     
          30          31  0.96621554918424835     
          30          32  0.96503848622017219     
          30          33  0.99861021260030258     
          33          34  0.96473687041239442     
          33          35  0.96642677015224709     
          33          36  0.98627101406419437     
          36          37  0.99109113662507664     
          37          38  0.97734756967400338     
          37          39  0.97952156932883128     
          37          40  0.97711990967642293     
          41          42   1.0952964746514389     
          42          43   2.7988333129920382     
          41          44  0.94471281176282484     
          41          45  0.92233058033730897     
          41          46  0.94445021307860233     
          47          48   1.0917135188070612     
          48          49   2.8073063114592935     
          47          50  0.93011315260284833     
          47          51  0.94440438811632976     
          47          52  0.94457139004598301     
          53          54   1.0972608686111534     
          54          55   2.7988435925993920     
          53          56  0.93317657946034083     
          53          57  0.93023242828900665     
          53          58  0.94367471473213949     
          59          60   1.0863692933220097     
          60          61   2.8152551114851208     
          59          62  0.94460617223520371     
          59          63  0.94575673504608682     
          59          64  0.94551284547198711     
          66          67   2.8159037570674892     
          65          68  0.98257168807201445     
          65          69  0.95341995535290258     
          65          70  0.95462372091299152     
          71          72   1.0866912600728067     
          72          73   2.8154877397959650     
          71          74  0.94570061383319426     
          71          75  0.94394939123163568     
          71          76  0.94520420601994037     
          77          78   1.0949795726446985     
          78          79   2.8035881211405971     
          77          80  0.94428268646465929     
          77          81  0.92574354111321810     
          77          82  0.94415763658636154     
          83          84   1.0882489944925458     
          84          85   2.8154703905304221     
          83          86  0.94567640776056905     
          83          87  0.94175684070085131     
          83          88  0.94452382981945893     
          89          90   1.0622491812602062     
          90          91   1.8719973030866206     
          89          92  0.97327977469027283     
          89          94  0.94339594214357536     
          95          96   1.0835752035416397     
          96          97   2.8242562305572805     
          95          98  0.94549952397418024     
          95          99  0.94626419466831369     
          95         100  0.94619425575388960     
         102         103   2.9669093551229837     
         101         104  0.98797350374771697     
         101         105  0.98805539825842470     
         101         106  0.98367484355499069     
         107         108   1.0979524171092188     
         108         109   2.7924266725032969     
         107         110  0.92351500831202615     
         107         111  0.94292296520249475     
         107         112  0.94241493097352624     
         114         115   2.6557427835235852     
         113         116  0.97519593284615191     
         113         117  0.96984951757957416     
         119         120   1.0900946702385528     
         120         121   2.8130051613904477     
         119         122  0.94604420626701724     
         119         123  0.92760151644283384     
         119         124  0.94596340167442838     
         125         126   1.0934513030440729     
         126         127   2.8052517966897073     
         125         128  0.92624528662188244     
         125         129  0.94518848237187636     
         125         130  0.94449681781656170     
         131         132   1.0665151702906401     
         132         133   1.8664144767744619     
         131         135  0.94630718012634496     
         131         136  0.97275720287526590     
         137         138   1.0920160426450090     
         138         139   2.8089139354645511     
         137         140  0.93181806398338718     
         137         141  0.93470818129725819     
         137         142  0.94580601713710932     
         143         144   1.0896925572027614     
         144         145   2.8104168349304697     
         143         146  0.94295768561773141     
         143         147  0.94400016565439016     
         143         148  0.94439947972681582     
         149         150   1.0962885208504045     
         150         151   2.7948806047330352     
         149         152  0.94347814759990856     
         149         153  0.92475053144199126     
         149         154  0.94264267916339128     
         155         156   1.0901803565332078     
         156         157   2.8125035464723482     
         155         158  0.93451688250198428     
         155         159  0.94607222243476163     
         155         160  0.93198702859420057     
         161         162   1.0877790955152609     
         162         163   2.8128557713665856     
         161         164  0.94472394817456318     
         161         165  0.94397722617594115     
         161         166  0.94459204295509080     
         167         168   1.0872500417862856     
         168         169   2.8172786675243815     
         167         170  0.94626707208262750     
         167         171  0.93184202909731040     
         167         172  0.94544786150408366     
         173         174   1.0875483766564331     
         174         175   2.8166623036064444     
         173         176  0.94654154977718608     
         173         177  0.94686267852197081     
         173         178  0.92895637114954155     
         179         180   1.0855037334495359     
         180         181   2.8208390328115236     
         179         182  0.94671039826333125     
         179         183  0.93376857015620529     
         179         184  0.94689062759770126     
          66         186   1.0635908120410686     
         185         186  0.99560058506320692     
          65         187   1.0447516945755109     
         186         187   1.7984316685927122     
         185         188  0.95689451402394077     
         185         189  0.95570963480528437     
         185         190  0.98472133335879808     
         191         192   1.0813831567014118     
         192         193   2.8278868438319007     
         191         194  0.94709089646277089     
         191         195  0.94675814199936092     
         191         196  0.94700647216161649     
         197         198   1.0823420477399073     
         198         199   2.8264187671195464     
         197         200  0.94690742574148556     
         197         201  0.94660999053892358     
         197         202  0.94652667490303100     
         203         204   1.0843718451579343     
         204         205   2.8203805173278003     
         203         206  0.94564255779427575     
         203         207  0.94614268236527421     
         203         208  0.94311748439637644     
          93         209  0.94821260330374069     
          90         210  0.95164465917740548     
         209         210   1.0609219854519416     
          91         211  0.96580565140286168     
         210         211   1.8737607695045329     
          89         212  0.94896862670837479     
         209         213  0.97363227145037712     
         209         214  0.94599020992432814     
         215         216   1.0883269859855271     
         216         217   2.8140368169311483     
         215         218  0.94385996132625061     
         215         219  0.94493333045025374     
         215         220  0.94366256421071149     
         101         221  0.98791301930429853     
         221         222   1.0616824840834083     
         222         223   2.8336470702090510     
         221         224  0.94157946276819426     
         221         225  0.94100214737093735     
         102         226  0.91794986773565745     
         227         228   1.0949697461147663     
         228         229   2.7992254341905172     
         227         230  0.94467683123798973     
         227         231  0.92448892698881957     
         227         232  0.94410347239886416     
         113         234  0.98271633781180889     
         118         234  0.96616827696876251     
         233         234   1.0191353522891140     
         113         235  0.90820316736192275     
         114         235   1.2571362184047603     
         115         235  0.18442399500156959     
         234         235  0.89066039487033966     
         233         236  0.98200983784878959     
         233         237  0.97822989455157328     
         233         238  0.97443831383432078     
         239         240   1.0938633169383138     
         240         241   2.8043130756553194     
         239         242  0.92716048904668047     
         239         243  0.94396339661576012     
         239         244  0.94366300297124106     
         245         246   1.0825782823425767     
         246         247   2.8259991075155422     
         245         248  0.94673777042500684     
         245         249  0.94550487936341798     
         245         250  0.94682166256923173     
         134         251  0.93739283055919032     
         132         252  0.95189411737683960     
         251         252   1.0692810806840309     
         133         253  0.96402004499243266     
         252         253   1.8557590519305873     
         251         254  0.97240797993817807     
         251         255  0.94740113158583306     
         131         256  0.94169483286961608     
         257         258   1.0907831283613461     
         258         259   2.8082630883288444     
         257         260  0.92888229489834462     
         257         261  0.94498014557388132     
         257         262  0.94564237597471534     
         263         264   1.0865002908565602     
         264         265   2.8186676034408236     
         263         266  0.93092630582823577     
         263         267  0.94653889776279254     
         263         268  0.94662789189059893     
         269         270   1.0874770328138244     
         270         271   2.8139346750161343     
         269         272  0.94479486665788381     
         269         273  0.94488244883826633     
         269         274  0.94401183282280920     
         275         276   1.0887150153515432     
         276         277   2.8109043221802650     
         275         278  0.94344716294836184     
         275         279  0.94442359163955603     
         275         280  0.94424690204086958     
