   -0.06039283
    0.10485304
   -0.09286011
    0.11043432
   -0.05447214
   -0.07024107
    0.08302825
   -0.07299799
    0.06719411
   -0.06848593
    0.10160836
   -0.08010905
    0.12645671
   -0.06458146
    0.07992685
   -0.06649158
    0.08171041
   -0.05944658
    0.06444097
    0.65142147
   -0.06436772
    0.13655810
    0.09452910
    0.14534998
   -0.10628297
    0.10902182
    0.07676701
    0.11493029
   -0.12777599
    0.12400957
    0.12758848
    0.11500470
   -0.11127267
    0.11920836
    0.10894694
    0.08180327
    1.21695366
   -0.37551975
   -0.36130044
   -0.36692629
   -0.36348216
   -0.37900999
   -0.36339805
   -0.36492800
    1.18556265
   -0.37130323
   -0.36153263
   -0.38007710
   -0.36095015
   -0.34609466
   -0.12525072
    0.12549408
   -0.27298185
    0.08473273
    0.09609822
    0.09068573
   -0.12557005
    0.12343599
   -0.28477455
    0.08831564
    0.10119117
    0.09739377
   -0.12734989
    0.12196297
   -0.28992270
    0.09494746
    0.10094842
    0.09941348
   -0.12371116
    0.12420119
   -0.27985649
    0.09924777
    0.08564281
    0.09340228
   -0.12294187
    0.12219262
   -0.27331108
    0.09174352
    0.09171113
    0.09060802
   -0.12313724
    0.12519548
   -0.27810624
    0.09558149
    0.09603817
    0.08372261
   -0.12619095
    0.12650081
   -0.28843947
    0.09295769
    0.09732950
    0.10282637
   -0.12720883
    0.13038889
   -0.28817343
    0.09061598
    0.10180142
    0.10328199
   -0.12053635
    0.12505053
   -0.27740068
    0.08635217
    0.08685596
    0.09864933
   -0.14673386
    0.17372163
   -0.24149091
    0.14969600
    0.15509026
    0.15104996
   -0.12152799
    0.12705701
   -0.27556779
    0.09406778
    0.08175168
    0.09397763
   -0.12985203
    0.12250917
   -0.29361416
    0.11200503
    0.08924914
    0.09339331
   -0.12942115
    0.13314892
   -0.28930529
    0.09918002
    0.09605270
    0.10455086
   -0.12148805
    0.12550771
   -0.27722386
    0.08045563
    0.09479605
    0.09746143
   -0.12603416
    0.12395531
   -0.28413730
    0.09059760
    0.10310681
    0.09251940
   -0.12381136
    0.12173771
   -0.27646328
    0.09377090
    0.09209102
    0.09267497
   -0.12682956
    0.12450211
   -0.29009170
    0.08197560
    0.11605684
    0.09055886
   -0.12571579
    0.12596915
   -0.27829242
    0.09785091
    0.09336104
    0.09362748
   -0.12390272
    0.12548651
   -0.27641659
    0.09180330
    0.08827040
    0.09475937
   -0.12512752
    0.12654869
   -0.28872595
    0.10324638
    0.09161458
    0.09630489
