           1           2  0.95139020526750673     
           1           3   1.2906043369881746     
           3           4  0.95085492470069899     
           3           5   1.2615773348916055     
           1           6   1.3745107966063315     
           6           7  0.96062135585968567     
           5           8   1.3547767473098922     
           6           8   1.2612543363553155     
           8           9  0.96335600977739944     
          10          11  0.94874382379278677     
          10          12   1.2468663802451481     
          12          13  0.93620859880514939     
          12          14   1.3089703935669852     
          14          15  0.96008980132078370     
          10          16   1.3546972287362185     
          16          17  0.95765874687695485     
          14          18   1.3488247094963606     
          16          18   1.2618821579540305     
          18          19  0.96177912139152111     
           1          20  0.18075578750369883     
           3          20  0.32423506344773051     
           5          20  0.16022525162836748     
           6          20  0.27491544604880563     
           8          20  0.22283531938811585     
          10          20  0.30833936528790368     
          12          20  0.36779204799279475     
          14          20  0.25422774383023178     
          16          20  0.31432859685619408     
          18          20  0.27650014870501438     
           5          21   1.0201661447882899     
          21          22  0.94140848958432044     
          21          23  0.96095057769376235     
          21          24  0.91774283476360852     
          24          25  0.96205572538202455     
          25          26  0.96919608160816462     
          25          27  0.97776414756154872     
          25          28  0.96448269507548456     
          24          29  0.94265433127161868     
          29          30  0.96321029634758704     
          29          31  0.96467135608203591     
          29          32  0.96861909595357709     
          24          33  0.96053661814113289     
          33          34  0.96775265532111776     
          33          35  0.96872517468855812     
          33          36  0.97753903485102334     
          37          38  0.87074173925590914     
          37          39  0.88440721711211367     
          37          40  0.88524371376842947     
          37          41  0.89084927875501840     
          37          42  0.87224849455525388     
          37          43  0.88364600896375456     
          44          45  0.88824655091946969     
          45          46  0.87693226900005838     
          45          47  0.89420920562973316     
          45          48  0.86603678415067598     
          45          49  0.89197892514017696     
          45          50  0.90676916863429124     
          51          52   1.0863169846147926     
          52          53   2.8216355056794313     
          51          54  0.94365755906520898     
          51          55  0.94573752319330529     
          51          56  0.94665612725801718     
          57          58   1.0846210220898933     
          58          59   2.8233376680485978     
          57          60  0.94649756480296532     
          57          61  0.94439775512697699     
          57          62  0.94576017297382975     
          63          64   1.0829782268824584     
          64          65   2.8244817604822918     
          63          66  0.94584040668730673     
          63          67  0.94547645002552683     
          63          68  0.94525075851301521     
          69          70   1.0851206665498625     
          70          71   2.8235082869011725     
          69          72  0.94512343863917292     
          69          73  0.94501075157385883     
          69          74  0.94586393006997505     
          75          76   1.0820350253462301     
          76          77   2.8287430454146811     
          75          78  0.94715797620412534     
          75          79  0.94728522095932344     
          75          80  0.94745955917022939     
          81          82   1.0838480043501308     
          82          83   2.8252167442544764     
          81          84  0.94620528369196144     
          81          85  0.94639195526643227     
          81          86  0.94521566415915159     
          87          88   1.0869584049449794     
          88          89   2.8138556888071218     
          87          90  0.94521903043018540     
          87          91  0.94427040304549759     
          87          92  0.94404656136070175     
          93          94   1.0930524562029702     
          94          95   2.8036312699668482     
          93          96  0.94423479364745089     
          93          97  0.94199861948599395     
          93          98  0.94217093878030678     
          99         100   1.0881045739267423     
         100         101   2.8201246487698923     
          99         102  0.94450982852915499     
          99         103  0.94225687040513750     
          99         104  0.94529213944402224     
          20         106  0.16511652271621099     
         105         106   1.1339399832798200     
          20         107  0.69040560390049233     
         106         107   2.5110788918929536     
         105         108  0.91688690998362077     
         105         109  0.91344164710657982     
         105         110  0.91522099609584984     
         111         112   1.0871945584270963     
         112         113   2.8211888167750860     
         111         114  0.94542370623264649     
         111         115  0.94419569116767355     
         111         116  0.94535467192684297     
         117         118   1.0882955190830488     
         118         119   2.8159900656278904     
         117         120  0.93202915454531321     
         117         121  0.94344045002121935     
         117         122  0.94569553701953479     
         123         124   1.0943426281205726     
         124         125   2.8011160186139374     
         123         126  0.94179290967157125     
         123         127  0.94291454699110544     
         123         128  0.94180715501270829     
         129         130   1.0853305503513699     
         130         131   2.8230584178796798     
         129         132  0.94430069134217320     
         129         133  0.94601501731973470     
         129         134  0.94569345980365660     
         135         136   1.0852089830648173     
         136         137   2.8230819882220812     
         135         138  0.94616537464053452     
         135         139  0.94398261233119229     
         135         140  0.94581605578157668     
         141         142   1.0823477231142566     
         142         143   2.8277442322625506     
         141         144  0.94694637889686439     
         141         145  0.94671983570391394     
         141         146  0.94692788468902789     
         147         148   1.0888491330770245     
         148         149   2.8151599021673452     
         147         150  0.94477048869147606     
         147         151  0.93481505157476252     
         147         152  0.94147895840598972     
         153         154   1.0875044409549903     
         154         155   2.8176781361824310     
         153         156  0.94494869271320514     
         153         157  0.94503868517607326     
         153         158  0.94501563048799453     
         159         160   1.0859788837788014     
         160         161   2.8238809019360871     
         159         162  0.94548894763552926     
         159         163  0.94612877627704894     
         159         164  0.94535307124268342     
         165         166   1.0873025776889931     
         166         167   2.8144306933701371     
         165         168  0.94375156428965123     
         165         169  0.94535585682469081     
         165         170  0.94454730695834965     
