   -0.07683007
    0.10300631
   -0.07561257
    0.10625177
   -0.07640173
    0.10403586
   -0.07644962
    0.10547828
   -0.07677781
    0.10222027
   -0.07632088
    0.10783768
   -0.07633646
    0.10433654
   -0.07614652
    0.10879457
   -0.07710411
    0.10758202
   -0.07700864
    0.10907545
    0.70642857
   -0.12510484
    0.12433145
   -0.28906942
    0.09322911
    0.09515010
    0.10146312
   -0.12354615
    0.12316592
   -0.27732553
    0.09157722
    0.09239162
    0.09371738
   -0.12426194
    0.12508509
   -0.28148040
    0.09097471
    0.09677328
    0.09289026
   -0.12317713
    0.12336387
   -0.27866881
    0.08956184
    0.09304212
    0.09587844
   -0.12471785
    0.12367486
   -0.28317616
    0.09813853
    0.09629215
    0.08978831
   -0.12553913
    0.12343006
   -0.28932960
    0.10060847
    0.09268110
    0.09815026
   -0.12346245
    0.12466298
   -0.28354290
    0.09231066
    0.09845839
    0.09157361
   -0.12266200
    0.12404444
   -0.28051329
    0.09040079
    0.09286206
    0.09586814
   -0.12689030
    0.12335690
   -0.29095984
    0.10100185
    0.10142843
    0.09208166
   -0.12464247
    0.12364857
   -0.28675861
    0.09977616
    0.09701590
    0.09096129
   -0.12470371
    0.12427090
   -0.28591875
    0.09097224
    0.10230520
    0.09307440
   -0.12408013
    0.12429315
   -0.28064416
    0.09563286
    0.09604957
    0.08874581
   -0.12284436
    0.12408647
   -0.28236103
    0.09313410
    0.09233984
    0.09564512
   -0.12327329
    0.12507055
   -0.28271350
    0.09113533
    0.09876369
    0.09101775
   -0.12452614
    0.12467768
   -0.28509024
    0.09109251
    0.09893357
    0.09491318
   -0.12406172
    0.12358500
   -0.28010967
    0.09663721
    0.09153869
    0.09239047
   -0.12585432
    0.12442277
   -0.29085220
    0.09899682
    0.10086156
    0.09242594
   -0.12254998
    0.12389620
   -0.27988848
    0.09420399
    0.09288015
    0.09145825
   -0.12468964
    0.12479297
   -0.28402204
    0.10089739
    0.08966481
    0.09335585
   -0.12349194
    0.12385656
   -0.27843868
    0.09412262
    0.09304645
    0.09088515
