           1           2  0.95091636031020854     
           1           3   1.2988456225231984     
           3           4  0.95025962226599048     
           3           5   1.2997149141808977     
           5           6  0.95078361408163248     
           1           7   1.2988658897876861     
           7           8  0.95043152760960892     
           5           9   1.2995911910842639     
           7           9   1.2986108612810197     
           9          10  0.95111900684171158     
          11          12  0.94969195023952424     
          11          13   1.2973708918053772     
          13          14  0.95052620963053192     
          13          15   1.2986236184562805     
          15          16  0.94956357527039004     
          11          17   1.2982698281923195     
          17          18  0.94976490247527012     
          15          19   1.2979414054439433     
          17          19   1.2976726163373369     
          19          20  0.94934928812801089     
           1          21  0.31908898057048213     
           3          21  0.31832673760045627     
           5          21  0.31742232335802145     
           7          21  0.31901867749363411     
           9          21  0.31862721960469720     
          11          21  0.32205795430959328     
          13          21  0.32148311342319319     
          15          21  0.32075477950215509     
          17          21  0.32187085627144529     
          19          21  0.32230414971096977     
          22          23   1.0839324868561948     
          23          24   2.8236294972435774     
          22          25  0.94597686595550012     
          22          26  0.94577575790810131     
          22          27  0.94488737940688350     
          28          29   1.0834142996483374     
          29          30   2.8261110293243252     
          28          31  0.94684186653863578     
          28          32  0.94659868926309088     
          28          33  0.94646022501652327     
          34          35   1.0863340544722928     
          35          36   2.8215882434529909     
          34          37  0.94616273758822866     
          34          38  0.94440026840844138     
          34          39  0.94575194000361695     
          40          41   1.0831111455770281     
          41          42   2.8262968178692662     
          40          43  0.94728861628253502     
          40          44  0.94652386581195991     
          40          45  0.94602424458269219     
          46          47   1.0834484029888565     
          47          48   2.8254108632469395     
          46          49  0.94530953996230593     
          46          50  0.94574198158575262     
          46          51  0.94721275453408593     
          52          53   1.0840626683648258     
          53          54   2.8235726633206131     
          52          55  0.94490598543256477     
          52          56  0.94590784682334195     
          52          57  0.94520354946390062     
          58          59   1.0831644776174740     
          59          60   2.8256646634218319     
          58          61  0.94669986301785336     
          58          62  0.94533138435521824     
          58          63  0.94683533457365843     
          64          65   1.0824736139016911     
          65          66   2.8270122492980869     
          64          67  0.94731713976029597     
          64          68  0.94682271933085294     
          64          69  0.94607264890130938     
          70          71   1.0842890396575937     
          71          72   2.8228310298254335     
          70          73  0.94472706346625013     
          70          74  0.94451279249977860     
          70          75  0.94602571732901897     
          76          77   1.0840134439031286     
          77          78   2.8240014437347334     
          76          79  0.94489947182415079     
          76          80  0.94525678240884004     
          76          81  0.94668070397777271     
          82          83   1.0847776869350416     
          83          84   2.8234688936189012     
          82          85  0.94652579602340781     
          82          86  0.94373562403346556     
          82          87  0.94602319308168836     
          88          89   1.0838422334104756     
          89          90   2.8252166212980727     
          88          91  0.94568646512350174     
          88          92  0.94561871035678025     
          88          93  0.94737553437735400     
          94          95   1.0824922809884112     
          95          96   2.8266349951379470     
          94          97  0.94671688746819838     
          94          98  0.94690920286480318     
          94          99  0.94623262657933993     
         100         101   1.0844413466561245     
         101         102   2.8238954693446261     
         100         103  0.94641999095100837     
         100         104  0.94466621518066352     
         100         105  0.94691923172474568     
         106         107   1.0855566154961434     
         107         108   2.8223458555667698     
         106         109  0.94597461895900725     
         106         110  0.94422200270765000     
         106         111  0.94571555612326708     
         112         113   1.0851369594614508     
         113         114   2.8235033610902573     
         112         115  0.94478022460790578     
         112         116  0.94634851717601709     
         112         117  0.94623783368244441     
         118         119   1.0843731541709454     
         119         120   2.8226359881059206     
         118         121  0.94510044425182482     
         118         122  0.94470202755087085     
         118         123  0.94591396455835797     
         124         125   1.0825480755344774     
         125         126   2.8269838992349197     
         124         127  0.94641785223071295     
         124         128  0.94677213767533885     
         124         129  0.94710924126904283     
         130         131   1.0837749318611538     
         131         132   2.8246420059396886     
         130         133  0.94468752801333611     
         130         134  0.94719440782500808     
         130         135  0.94617221151804287     
         136         137   1.0845999840280811     
         137         138   2.8244249839419941     
         136         139  0.94569250763140644     
         136         140  0.94620673709488923     
         136         141  0.94669584277887786     
