   -0.09012733
    0.05968734
   -0.11024917
    0.06509209
   -0.08138986
   -0.08923935
    0.04742936
   -0.10359947
    0.04917492
   -0.09214619
    0.04958509
   -0.09567424
    0.04946036
   -0.09097644
    0.03511260
   -0.09139118
    0.03985248
   -0.08548055
    0.03051826
    0.58644748
   -0.05486782
    0.11211729
    0.08473108
    0.13947191
   -0.10180715
    0.11131723
    0.08899594
    0.10089913
   -0.11380127
    0.10378160
    0.12093788
    0.11239422
   -0.11219036
    0.12062983
    0.10383740
    0.09101914
    1.17797508
   -0.37289900
   -0.34736856
   -0.36275581
   -0.35111902
   -0.37327366
   -0.36787976
   -0.12329258
    0.12541815
   -0.28544357
    0.09344344
    0.09274919
    0.09712459
   -0.12515821
    0.12327028
   -0.28318393
    0.08933495
    0.09139603
    0.10335944
   -0.12741666
    0.13471527
   -0.29251052
    0.09628350
    0.10129219
    0.09967871
   -0.12299032
    0.12518678
   -0.28258882
    0.09073863
    0.09454656
    0.09518063
   -0.12646055
    0.12404908
   -0.28765760
    0.09988605
    0.09392367
    0.09625926
   -0.12729633
    0.12282640
   -0.29019817
    0.09945826
    0.09741881
    0.09768663
   -0.12433168
    0.12389401
   -0.28243268
    0.09519680
    0.09189822
    0.09453308
   -0.12302392
    0.12416792
   -0.28013096
    0.09138183
    0.09502104
    0.09258425
   -0.12367331
    0.12325521
   -0.28466448
    0.09442406
    0.09620362
    0.09445630
   -0.12484101
    0.12394495
   -0.28642129
    0.09866069
    0.09031179
    0.09782260
   -0.12646884
    0.12402927
   -0.28482560
    0.09705725
    0.08897233
    0.10123613
   -0.12278341
    0.12607819
   -0.28005261
    0.09290502
    0.09235111
    0.09149881
   -0.12387753
    0.12475204
   -0.28219731
    0.09417701
    0.09222276
    0.09492326
   -0.12323093
    0.12401584
   -0.28426825
    0.09882938
    0.09359317
    0.09106083
   -0.12163978
    0.12507230
   -0.27927736
    0.08635957
    0.09500597
    0.09420612
   -0.12331282
    0.12428794
   -0.27823068
    0.09159248
    0.09100613
    0.09465782
   -0.12941849
    0.12423320
   -0.29265164
    0.08906246
    0.11545783
    0.08571850
   -0.12499810
    0.12429248
   -0.27995953
    0.09110665
    0.09167769
    0.09669233
   -0.12526262
    0.12526292
   -0.28980186
    0.09239177
    0.10189093
    0.09553385
   -0.12595597
    0.12923607
   -0.28827298
    0.09454795
    0.10133355
    0.09665955
