           1           2  0.96008151127741281     
           1           3   1.3125110411479255     
           3           4  0.95866978752331167     
           3           5   1.2577850250006639     
           1           6   1.2988978745101682     
           6           7  0.96366973108791942     
           5           8   1.2571114060521584     
           6           8   1.3195856084061772     
           8           9  0.96203696455536025     
          10          11  0.95932789569761023     
          10          12   1.3041928623160739     
          12          13  0.96251850886375812     
          12          14   1.3016132774984213     
          14          15  0.96137252557012476     
          10          16   1.2934787976166504     
          16          17  0.96290816357141418     
          14          18   1.3029473482109033     
          16          18   1.3125254287796977     
          18          19  0.96531086495122753     
           1          20  0.30490967857142259     
           3          20  0.31366488558751138     
           5          20  0.31113867924375987     
           6          20  0.29697798857188357     
           8          20  0.30753573521923333     
          10          20  0.32047658548598446     
          12          20  0.30951448931651648     
          14          20  0.31444421169497788     
          16          20  0.31124088948685535     
          18          20  0.30087133991350151     
           5          21   1.0146158392651985     
          21          22  0.95752880479776326     
          21          23  0.96385412780402024     
          21          24  0.91218896612400835     
          24          25  0.96066830352255561     
          25          26  0.96871353469688115     
          25          27  0.97630167754285524     
          25          28  0.97422103564473717     
          24          29  0.95010407780653783     
          29          30  0.97431725228513788     
          29          31  0.96395211904431055     
          29          32  0.96897305538406675     
          24          33  0.95797816594925767     
          33          34  0.96425709774444690     
          33          35  0.97352058620439652     
          33          36  0.97619448029165989     
          37          38  0.87734855884969276     
          37          39  0.90743944333800153     
          37          40  0.89306510252877180     
          37          41  0.90241760661338566     
          37          42  0.87695474757781844     
          37          43  0.88007763821023122     
          44          45   1.0851785625422088     
          45          46   2.8224980471234460     
          44          47  0.94605719415620260     
          44          48  0.94617886032381393     
          44          49  0.94463747917419127     
          50          51   1.0850882096928440     
          51          52   2.8228392635729271     
          50          53  0.94686392659210750     
          50          54  0.94320815291236504     
          50          55  0.94416223541760014     
          56          57   1.0951296298239375     
          57          58   2.7993797156969693     
          56          59  0.94286883416498779     
          56          60  0.94135343943707717     
          56          61  0.94181991961224643     
          62          63   1.0839248252689455     
          63          64   2.8251461169790066     
          62          65  0.94688949225494867     
          62          66  0.94578639493581484     
          62          67  0.94567939246958832     
          68          69   1.0847866359085172     
          69          70   2.8230293135097049     
          68          71  0.94468410106682899     
          68          72  0.94579303671742554     
          68          73  0.94528575343409738     
          74          75   1.0834275168862479     
          75          76   2.8240666099255085     
          74          77  0.94504446340426462     
          74          78  0.94551009853234014     
          74          79  0.94585347263989294     
          80          81   1.0845283037493281     
          81          82   2.8238315729479968     
          80          83  0.94632668615649584     
          80          84  0.94366318679833472     
          80          85  0.94609093357163698     
          86          87   1.0828196932312597     
          87          88   2.8263692847967681     
          86          89  0.94730195812487916     
          86          90  0.94623428400710918     
          86          91  0.94656660834804873     
          92          93   1.0817585257027993     
          93          94   2.8272138664015838     
          92          95  0.94675240309495101     
          92          96  0.94642022958730299     
          92          97  0.94647788154303281     
          98          99   1.0842398655897656     
          99         100   2.8230027668445552     
          98         101  0.94553552618735237     
          98         102  0.94372232317688909     
          98         103  0.94588286985492009     
         104         105   1.0840042580221974     
         105         106   2.8245200765914338     
         104         107  0.94543451684205304     
         104         108  0.94727767747468761     
         104         109  0.94441994357287318     
         110         111   1.0834625577734285     
         111         112   2.8262014278137433     
         110         113  0.94634780259995699     
         110         114  0.94623004577106939     
         110         115  0.94702958120464942     
         116         117   1.0837952912444737     
         117         118   2.8249197566498392     
         116         119  0.94597428190252941     
         116         120  0.94687189540684635     
         116         121  0.94573855368376436     
         122         123   1.0829837038174475     
         123         124   2.8259339125755893     
         122         125  0.94524782511636807     
         122         126  0.94620250735522837     
         122         127  0.94720908786765268     
         128         129   1.0847337354183728     
         129         130   2.8240889907820379     
         128         131  0.94408493504689661     
         128         132  0.94587776756175634     
         128         133  0.94645091042837637     
         134         135   1.0826036529503884     
         135         136   2.8270353345334991     
         134         137  0.94726438638721655     
         134         138  0.94721615824725247     
         134         139  0.94625181297363181     
         140         141   1.0895955709187328     
         141         142   2.8153754200166792     
         140         143  0.94580864649529861     
         140         144  0.92968109053351666     
         140         145  0.94658511843120485     
         146         147   1.0855964408884793     
         147         148   2.8228251202618422     
         146         149  0.94345962522761484     
         146         150  0.94628504334719565     
         146         151  0.94583087116187770     
         152         153   1.0851884090165163     
         153         154   2.8218968689590196     
         152         155  0.94584467924366977     
         152         156  0.94413397000249333     
         152         157  0.94545339374820347     
         158         159   1.0885306144015829     
         159         160   2.8151167247128108     
         158         161  0.94464354337602219     
         158         162  0.94347575071862222     
         158         163  0.94436009961638634     
