$coord
       -4.72937016082279        5.88045566473041        1.05019949301402      c
       -5.98878641493726        7.48462582217932        1.18114428792615      h
       -3.47163965292068        5.06365247150880       -1.16400635491849      c
       -3.60765009818200        5.92171832235775       -3.01567152820220      h
       -1.82068190799852        3.05314239082491       -0.48327767328599      c
       -3.86132572323541        4.39377275867358        3.09885838985876      c
       -4.35239309935634        4.66345694073040        5.06410421158015      h
       -2.07704794846828        2.63601802564719        2.16403585041202      c
       -1.02688506331294        1.28754391179888        3.28175243317190      h
       -9.26138519124677        1.45213388269404        0.04267518834019      c
      -10.83987982450834        2.74403913321991        0.19237789130202      h
       -8.00695351652739        0.76027254269459       -2.22306952289817      c
       -8.46148992300540        1.44023132337773       -4.09789159089036      h
       -6.22725577335743       -1.15297423114571       -1.63094855697681      c
       -5.06308165240611       -2.17657562404053       -2.96554026830373      h
       -8.25045803548053       -0.03378427375903        2.03137479000383      c
       -8.92159519366328       -0.05919227804643        3.96309643171773      h
       -6.37586399411173       -1.64269530896372        0.99503908648117      c
       -5.33862056610521       -3.09736692632686        1.98976991724190      h
       -5.44398145875110        2.09081930291950        0.38275613573533      fe
       -0.14787710349203        1.65099812571936       -2.28264072597233      c
       -0.74460643770972        1.98269760761092       -4.23163429204839      h
       -0.18141304985511       -0.36937737875232       -1.90682348763854      h
        2.60844999933880        2.42397139658314       -2.15106188760586      n
        3.60905889451060        1.92567198619000        0.48080707755924      c
        2.62027254906409        3.23254186855865        1.73323478787007      h
        3.07145076253226       -0.00723824274403        0.95106500190775      h
        2.84771093297111        5.13807683808633       -2.79724601403628      c
        4.83158062976789        5.67632404342544       -2.73315016594297      h
        2.10044938966763        5.44036355704811       -4.69074042858802      h
        1.76405780924291        6.23820226225048       -1.43703985857844      h
        3.99606437955959        0.87022525315646       -4.03847359921976      c
        3.19820212164044        1.22406349032417       -5.90115693106798      h
        5.98374971892242        1.39616215565294       -4.01322750223135      h
        3.77753685211747       -1.11382192711536       -3.54317412622262      h
        0.82090622057306       -5.29966025396309       -0.00461657620613      p
       -0.33000466635282       -4.08334953076005       -2.67926013687870      f
        3.57195698987955       -3.83922598763253       -0.66741499454335      f
        1.75920532760200       -7.77988494310823       -1.53349676045226      f
        2.01866270763566       -6.33533396803422        2.62016071692219      f
       -1.91551111881964       -6.55154909556395        0.61323648791064      f
       -0.07855817586128       -2.64111215693136        1.47869565055181      f
        6.42531890582547        2.26041501472990        0.68809616650776      c
        8.02105701225541        0.18351536174493        0.39422147305717      c
        7.45959829678434        4.61352343973101        1.26869952016833      c
       10.61630960084573        0.47227187830063        0.62724781170631      c
        7.22607410753681       -1.66493560475665        0.01343600777469      h
       10.05771687464407        4.89419039149726        1.49781642863738      c
        6.23214620162619        6.22631511109176        1.58302489231002      h
       11.63912080387834        2.82764732916983        1.16511648715942      c
       11.84216666889310       -1.15264912054258        0.39881731648510      h
       10.84457824215325        6.73096050292369        1.95040523661041      h
       13.66718987114463        3.05047213842295        1.34800801991287      h
$end
