   -0.04661393
    0.02673279
   -0.04770691
    0.02682521
   -0.02533328
   -0.04660368
    0.02695999
   -0.04772511
    0.03026966
   -0.04651213
    0.02690719
   -0.04628216
    0.02679829
   -0.04641038
    0.02615562
   -0.04621871
    0.02709064
   -0.04620754
    0.02570449
    0.19322363
   -0.02910953
    0.03048733
    0.02266759
   -0.12688367
   -0.02683352
    0.03896441
    0.02970635
   -0.04920098
    0.03680890
    0.03111176
    0.03772643
   -0.04975740
    0.02985897
    0.03948971
    0.03044583
    0.93939400
   -0.15036322
   -0.14383909
   -0.16768520
   -0.16626965
   -0.16498571
   -0.14625113
   -0.01442468
   -0.03917576
   -0.03848896
   -0.03765212
    0.03581752
   -0.03762790
    0.03374654
   -0.03757476
    0.03273212
    0.03293224
    0.03317989
