           1           2  0.96184341886911084     
           1           3   1.2984444926291856     
           3           4  0.96156914039648522     
           3           5   1.2645685562938911     
           1           6   1.2962200169391347     
           6           7  0.96087630039377714     
           5           8   1.2585109748882783     
           6           8   1.2972970258377421     
           8           9  0.95156655390641631     
          10          11  0.95957595807897678     
          10          12   1.2826905137108844     
          12          13  0.96001530395385970     
          12          14   1.2829154325858367     
          14          15  0.95548544715689643     
          10          16   1.2825778694307299     
          16          17  0.95895949952187132     
          14          18   1.2873481130376716     
          16          18   1.2819050224289679     
          18          19  0.95239991676034108     
           1          20  0.34612448928459566     
           3          20  0.34877489632688596     
           5          20  0.33786538247615294     
           6          20  0.34887426798388638     
           8          20  0.35723036739931219     
          10          20  0.38617929136541829     
          12          20  0.38700991924280653     
          14          20  0.38342687996196995     
          16          20  0.38975419157517815     
          18          20  0.38521967493565007     
           5          21   1.0037768778251703     
          21          22  0.97597454483393442     
          21          23  0.94538220605279955     
          21          24  0.87127254593465564     
          24          25  0.88256070654922070     
          25          26  0.97066906673025721     
          25          27  0.95687646433587425     
          24          28  0.94135897041921890     
          28          29  0.98178708043294505     
          28          30  0.98475613217119395     
          28          31  0.98094684584171821     
          24          32  0.92591853401741053     
          32          33  0.98623562344310800     
          32          34  0.98236963251633957     
          32          35  0.96750844332084662     
          36          37  0.90658381600351201     
          36          38  0.87568030213287651     
          36          39   1.0108556168884522     
          36          40   1.0050939655347002     
          36          41  0.99878367001667678     
          36          42  0.88394123199657260     
          25          43   1.0069767773022511     
          43          44   1.4107387767939952     
          43          45   1.4120339489103735     
          44          46   1.4434854762028526     
          45          46  0.11061981843259823     
          44          47  0.96470155121976986     
          44          48  0.11087400993198783     
          45          48   1.4419688243730653     
          45          49  0.97085299065451836     
          43          50  0.10926571301853805     
          46          50   1.4399393515268109     
          48          50   1.4402988553021321     
          46          51  0.97256049747678630     
          48          52  0.97321170397098045     
          50          53  0.97341817302059319     
