   -0.09046712
    0.05903047
   -0.10959521
    0.06087795
   -0.07986193
   -0.08984650
    0.05195847
   -0.10202961
    0.05326983
   -0.09317733
    0.05226862
   -0.09571162
    0.04274276
   -0.08957398
    0.03434144
   -0.09126166
    0.04032580
   -0.08378281
    0.03036163
    0.58381279
   -0.05395176
    0.10650384
    0.08431208
    0.13974425
   -0.10404733
    0.11299448
    0.09122350
    0.10411127
   -0.11374531
    0.10355284
    0.12127292
    0.11245000
   -0.11047076
    0.11673898
    0.10440172
    0.09173105
    1.17198042
   -0.36685700
   -0.35206031
   -0.37406081
   -0.36238151
   -0.37161434
   -0.34236133
   -0.12486198
    0.12389997
   -0.28721640
    0.10073867
    0.09619778
    0.09124184
   -0.12297347
    0.12431841
   -0.28365944
    0.09320293
    0.09538671
    0.09372466
   -0.12258278
    0.12466216
   -0.27939628
    0.09058856
    0.09652195
    0.09020674
   -0.12748369
    0.12311847
   -0.28852102
    0.09570612
    0.09356083
    0.10243778
   -0.12544775
    0.12253939
   -0.28823648
    0.09595016
    0.09811122
    0.09707282
   -0.12531041
    0.12413485
   -0.29005608
    0.10165470
    0.09582417
    0.09375280
   -0.12484514
    0.12369183
   -0.28554119
    0.09275596
    0.09289394
    0.10095477
   -0.12307619
    0.12353138
   -0.27955820
    0.09174731
    0.09030744
    0.09704836
   -0.12160692
    0.12468205
   -0.27351887
    0.09109699
    0.08533882
    0.09381130
   -0.12241326
    0.12251791
   -0.27755471
    0.09209964
    0.09267267
    0.09267621
   -0.12587581
    0.12455133
   -0.28624439
    0.10111141
    0.08953535
    0.09692242
   -0.12366517
    0.12467432
   -0.28406015
    0.09357989
    0.09079063
    0.09752129
   -0.12602882
    0.12407813
   -0.28509401
    0.09885822
    0.09024646
    0.09784446
   -0.12443421
    0.12455336
   -0.28485690
    0.09773482
    0.09580410
    0.09119855
   -0.12259193
    0.12573182
   -0.28027490
    0.08796762
    0.09666545
    0.09252939
   -0.12723074
    0.13248953
   -0.28901627
    0.10065227
    0.09636418
    0.09747355
   -0.12368749
    0.12554662
   -0.28229840
    0.08985483
    0.09494213
    0.09445780
   -0.12433472
    0.12501567
   -0.28525342
    0.09800569
    0.09226900
    0.09430675
   -0.12276146
    0.12530558
   -0.28297521
    0.09529089
    0.09315093
    0.09198946
   -0.12391647
    0.12353121
   -0.28510992
    0.09671592
    0.09647102
    0.09230942
