           1           2  0.96006116500548955     
           1           3   1.3111081052875075     
           3           4  0.95932695144602531     
           3           5   1.2559034458856944     
           1           6   1.2971020563264359     
           6           7  0.96254322231666034     
           5           8   1.2607727837611449     
           6           8   1.3206430948225119     
           8           9  0.96142698059128062     
          10          11  0.95894975972914587     
          10          12   1.3032840634293821     
          12          13  0.96391005605165436     
          12          14   1.3016640312828331     
          14          15  0.96316633455419509     
          10          16   1.2919902507987111     
          16          17  0.96204800895597820     
          14          18   1.3072433667228780     
          16          18   1.3139878162083909     
          18          19  0.96531469533762726     
           1          20  0.30756609807675822     
           3          20  0.31729847370336911     
           5          20  0.31075460068248839     
           6          20  0.29845791947285338     
           8          20  0.30504587160598839     
          10          20  0.32175244024785871     
          12          20  0.30815462158470447     
          14          20  0.31030411906368122     
          16          20  0.31149078404594543     
          18          20  0.29649647485636377     
           5          21   1.0142758296207872     
          21          22  0.95603534099980303     
          21          23  0.96411554598208116     
          21          24  0.91317602478188287     
          24          25  0.95898244368652774     
          25          26  0.96873424588676327     
          25          27  0.97602007094309351     
          25          28  0.97371629025358863     
          24          29  0.94994856400347039     
          29          30  0.97429559892171036     
          29          31  0.96523877883069709     
          29          32  0.96926358499512610     
          24          33  0.95885882302441994     
          33          34  0.96834346459994824     
          33          35  0.97334257769989074     
          33          36  0.97621000486490828     
          37          38  0.88664403368881683     
          37          39  0.90488614645114296     
          37          40  0.87605771617171491     
          37          41  0.88702267902025111     
          37          42  0.87790392901473879     
          37          43  0.91268610906929271     
          44          45   1.0832393397204325     
          45          46   2.8246746931172928     
          44          47  0.94495921027415575     
          44          48  0.94567948700736726     
          44          49  0.94706921347140438     
          50          51   1.0843115997268700     
          51          52   2.8237053517278183     
          50          53  0.94605971163196056     
          50          54  0.94545207521516816     
          50          55  0.94625768142046340     
          56          57   1.0826364466884966     
          57          58   2.8266188530981267     
          56          59  0.94724869916971999     
          56          60  0.94585163423849461     
          56          61  0.94764544649592208     
          62          63   1.0843359292924817     
          63          64   2.8226121912076092     
          62          65  0.94618882421564243     
          62          66  0.94336835554549436     
          62          67  0.94476202239203788     
          68          69   1.0832015372892043     
          69          70   2.8245054541930910     
          68          71  0.94605497721360354     
          68          72  0.94554462359496316     
          68          73  0.94548923390074524     
          74          75   1.0848465613684763     
          75          76   2.8224890675072682     
          74          77  0.94415078922434892     
          74          78  0.94538084455968563     
          74          79  0.94577162160674211     
          80          81   1.0840548044712350     
          81          82   2.8242981556505300     
          80          83  0.94621583107582274     
          80          84  0.94595385659245457     
          80          85  0.94500547383580824     
          86          87   1.0818907308875692     
          87          88   2.8279569639941404     
          86          89  0.94724718181524659     
          86          90  0.94771100567446753     
          86          91  0.94589322091891026     
          92          93   1.0851216230767531     
          93          94   2.8241522680500575     
          92          95  0.94671025356805416     
          92          96  0.94404728068939037     
          92          97  0.94636530706423894     
          98          99   1.0816063178752908     
          99         100   2.8285356857974930     
          98         101  0.94716236736845527     
          98         102  0.94712453353666781     
          98         103  0.94715042981675457     
         104         105   1.0845545218719514     
         105         106   2.8234726581265912     
         104         107  0.94444028370624145     
         104         108  0.94699771653004028     
         104         109  0.94504015463720581     
         110         111   1.0845704640536795     
         111         112   2.8231956240710550     
         110         113  0.94651183335761613     
         110         114  0.94353885563276507     
         110         115  0.94573192769622905     
         116         117   1.0835665679365187     
         117         118   2.8251533756903591     
         116         119  0.94535639296204854     
         116         120  0.94701462787952173     
         116         121  0.94533907220552171     
         122         123   1.0834247599028679     
         123         124   2.8252551917702666     
         122         125  0.94582077839798839     
         122         126  0.94575636617436787     
         122         127  0.94654417147798686     
         128         129   1.0848511312976616     
         129         130   2.8240364410152790     
         128         131  0.94653355186129151     
         128         132  0.94522626761490192     
         128         133  0.94639412188562000     
         134         135   1.0934786485923016     
         135         136   2.8033066359068237     
         134         137  0.94225956191860760     
         134         138  0.94287942268073843     
         134         139  0.94301771853508976     
         140         141   1.0844447463543747     
         141         142   2.8234691262258571     
         140         143  0.94369601045072637     
         140         144  0.94649531551119914     
         140         145  0.94619591182206841     
         146         147   1.0847597137107983     
         147         148   2.8235181685461646     
         146         149  0.94464434209425241     
         146         150  0.94664288583067646     
         146         151  0.94553819054302624     
         152         153   1.0837462707801266     
         153         154   2.8244419954169429     
         152         155  0.94624602406524283     
         152         156  0.94652846638684918     
         152         157  0.94626690517225898     
         158         159   1.0839846214356326     
         159         160   2.8246185402491308     
         158         161  0.94540823359997783     
         158         162  0.94569019566995371     
         158         163  0.94617829819679788     
