   -0.09387841
    0.06444575
   -0.11943596
    0.06472064
   -0.08986405
   -0.08978350
    0.05051052
   -0.09974078
    0.04485928
   -0.10039685
    0.05705806
   -0.10329776
    0.05069527
   -0.09398012
    0.03926679
   -0.09826563
    0.04434040
   -0.08820418
    0.03416565
    0.64110355
   -0.04865887
    0.09090307
    0.08938798
    0.11276116
   -0.04586834
    0.10666402
    0.08798784
   -0.10499479
    0.10617678
    0.11137204
    0.11706465
   -0.09843522
    0.10736576
    0.10706724
    0.08946219
    1.19800201
   -0.35955827
   -0.36883149
   -0.37848840
   -0.37425491
   -0.37007076
   -0.33996651
    0.00103099
   -0.03729376
   -0.04130018
   -0.02742559
    0.04147966
   -0.02945208
    0.06126262
   -0.02731710
    0.04131597
    0.04841166
    0.04369051
   -0.12402493
    0.12462079
   -0.28550715
    0.09332920
    0.09865226
    0.09292997
   -0.13692516
    0.12310588
   -0.29080289
    0.09105604
    0.09637426
    0.09745082
   -0.12239715
    0.12315910
   -0.27806016
    0.09319472
    0.09256255
    0.09155054
   -0.12363359
    0.12463296
   -0.27745268
    0.09546310
    0.08938610
    0.09067524
   -0.12317419
    0.12189261
   -0.27585259
    0.09277681
    0.09255473
    0.09176479
   -0.12364703
    0.12421546
   -0.28517087
    0.08999061
    0.09678201
    0.09782950
   -0.12359590
    0.12353642
   -0.28301041
    0.09565634
    0.08848902
    0.09840743
   -0.12377043
    0.12447238
   -0.28367842
    0.09833747
    0.09019957
    0.09443872
   -0.12388558
    0.12382197
   -0.28802753
    0.09721572
    0.09550160
    0.09537363
   -0.12492025
    0.12409827
   -0.28856594
    0.09888855
    0.09730419
    0.09322924
   -0.12523288
    0.12396544
   -0.28831939
    0.10070858
    0.09270180
    0.09617662
   -0.12316760
    0.12410990
   -0.28010790
    0.09404041
    0.08867916
    0.09551014
   -0.12700953
    0.12240255
   -0.28758391
    0.09756499
    0.09297431
    0.10158287
   -0.12351163
    0.12260585
   -0.28559310
    0.09543872
    0.09632923
    0.09473073
   -0.12357551
    0.12461419
   -0.27842481
    0.09117942
    0.09399969
    0.09099648
   -0.12329235
    0.12368208
   -0.27812322
    0.09547144
    0.09191804
    0.09034429
   -0.12905901
    0.12416775
   -0.29056421
    0.08959017
    0.11079593
    0.08878768
   -0.12477599
    0.12394530
   -0.28319921
    0.09827265
    0.09358379
    0.09216874
   -0.12830292
    0.12213728
   -0.29024919
    0.10007721
    0.09823865
    0.09809906
   -0.12473817
    0.12801346
   -0.28369018
    0.08983283
    0.10232798
    0.09412905
