           1           2  0.96350181300516902     
           1           3   1.3091059783765850     
           3           4  0.95942334605984958     
           3           5   1.2493854201692411     
           1           6   1.3093218752777813     
           6           7  0.96111647976826886     
           5           8   1.2708245048472466     
           6           8   1.3238475358580115     
           8           9  0.96157173516199901     
          10          11  0.96241328236376744     
          10          12   1.2981786329807565     
          12          13  0.96345192686665437     
          12          14   1.2939716866907844     
          14          15  0.96518263976564278     
          10          16   1.3002005746171794     
          16          17  0.95969732798034291     
          14          18   1.3252964645515259     
          16          18   1.3061983574729994     
          18          19  0.96370851454318940     
           1          20  0.29294334959323992     
           3          20  0.31879031098033572     
           5          20  0.29758804994270643     
           6          20  0.28174099939753944     
           8          20  0.28810104776541001     
          10          20  0.31355130255497771     
          12          20  0.31782825242601609     
          14          20  0.29756658155377391     
          16          20  0.31080195529829135     
          18          20  0.28522288379163402     
           5          21   1.0173482926929229     
          21          22  0.96550782240758881     
          21          23  0.96241421364232493     
          21          24  0.91098128714695703     
          24          25  0.91989838832053661     
          25          26  0.95617495901228022     
          25          27  0.96355835080928920     
          24          28  0.94992039931215400     
          28          29  0.97070694897424914     
          28          30  0.97201725736505673     
          28          31  0.96814386663520025     
          24          32  0.95971329200308619     
          32          33  0.97235260903921350     
          32          34  0.96970971626650238     
          32          35  0.97615319720951954     
          36          37  0.89300020589210050     
          36          38  0.87995494747081027     
          36          39  0.87102250090125455     
          36          40  0.87686942653069821     
          36          41  0.88089572390956261     
          36          42  0.91095250003235761     
          25          43   1.0063936094728403     
          43          44   1.4104671387496828     
          43          45   1.4113391659727137     
          44          46   1.4445424530199908     
          45          46  0.11067460995704213     
          44          47  0.96811674460538211     
          44          48  0.11111301091593828     
          45          48   1.4436953912137920     
          45          49  0.96580832283756057     
          43          50  0.10921183755096669     
          46          50   1.4387150851778787     
          48          50   1.4388882921023618     
          46          51  0.97037434262967193     
          48          52  0.96980503994848610     
          50          53  0.97047161459928510     
          54          55   1.0851792015712773     
          55          56   2.8230792724334708     
          54          57  0.94571811075129986     
          54          58  0.94451595631249541     
          54          59  0.94584747678018732     
          60          61   1.0876069972053302     
          61          62   2.8178597464056274     
          60          63  0.94522120476262894     
          60          64  0.94465952651554475     
          60          65  0.94043304596744526     
          66          67   1.0829623110600666     
          67          68   2.8265933075882295     
          66          69  0.94622344598724817     
          66          70  0.94677885748322654     
          66          71  0.94715021620752649     
          72          73   1.0837474622801153     
          73          74   2.8252827021470988     
          72          75  0.94623272841319461     
          72          76  0.94534200932989820     
          72          77  0.94716984542858063     
          78          79   1.0820476425423518     
          79          80   2.8284059079183925     
          78          81  0.94692006452257460     
          78          82  0.94710772382403219     
          78          83  0.94706750965016873     
          84          85   1.0823306741127781     
          85          86   2.8263274082333441     
          84          87  0.94747269058017003     
          84          88  0.94594416994645936     
          84          89  0.94579937064451136     
          90          91   1.0839357654530228     
          91          92   2.8244200286250241     
          90          93  0.94636416613321084     
          90          94  0.94431812666185500     
          90          95  0.94554160425744060     
          96          97   1.0826128533153643     
          97          98   2.8262921752587555     
          96          99  0.94567656921291576     
          96         100  0.94724473260232678     
          96         101  0.94651155951107369     
         102         103   1.0833360178616918     
         103         104   2.8243432805704245     
         102         105  0.94540987783008812     
         102         106  0.94629638619699941     
         102         107  0.94585612053393342     
         108         109   1.0832370123299360     
         109         110   2.8246667637085467     
         108         111  0.94540170040737048     
         108         112  0.94540449737766441     
         108         113  0.94665144548582947     
         114         115   1.0832732242689267     
         115         116   2.8247489194236737     
         114         117  0.94466022257422688     
         114         118  0.94632840626213688     
         114         119  0.94630695033254897     
         120         121   1.0839047541892723     
         121         122   2.8247498404008633     
         120         123  0.94641974409171370     
         120         124  0.94496316334856256     
         120         125  0.94638431839075254     
         126         127   1.0823840986450364     
         127         128   2.8259458015146066     
         126         129  0.94584953927376558     
         126         130  0.94680625921046269     
         126         131  0.94515266367817208     
         132         133   1.0814593500340006     
         133         134   2.8273976232558864     
         132         135  0.94683441205889751     
         132         136  0.94625864435173712     
         132         137  0.94657317406976871     
         138         139   1.0852710924471891     
         139         140   2.8237030417451368     
         138         141  0.94346978500227319     
         138         142  0.94615067559254706     
         138         143  0.94656975168572000     
         144         145   1.0843044733120188     
         145         146   2.8248914436676822     
         144         147  0.94549728766418606     
         144         148  0.94670871880951735     
         144         149  0.94662315497362193     
         150         151   1.0897294291097446     
         151         152   2.8151445275236631     
         150         153  0.94566012694492785     
         150         154  0.93105233443239577     
         150         155  0.94630367195691201     
         156         157   1.0848363270520414     
         157         158   2.8235130868083012     
         156         159  0.94471630809054685     
         156         160  0.94640700047567239     
         156         161  0.94611076023940544     
         162         163   1.0818393385583671     
         163         164   2.8257878658179791     
         162         165  0.94578975509305729     
         162         166  0.94579314537420323     
         162         167  0.94602561724777734     
         168         169   1.0882005571023756     
         169         170   2.8160258347198255     
         168         171  0.94346219468750570     
         168         172  0.94330248804383188     
         168         173  0.94540613705117371     
