   -0.09690744
    0.05404241
   -0.11661305
    0.06041240
   -0.08120412
   -0.09177018
    0.04775954
   -0.09477288
    0.05070488
   -0.10040242
    0.04865695
   -0.10114277
    0.04464071
   -0.08630050
    0.03411993
   -0.09378657
    0.03577940
   -0.07841006
    0.02956812
    0.62896498
   -0.05949340
    0.10706971
    0.09111033
    0.13966955
   -0.10666026
    0.11235281
    0.09503636
    0.10531097
   -0.11409481
    0.10271260
    0.11978260
    0.11334020
   -0.11123667
    0.11692222
    0.10492911
    0.09234982
    1.20499101
   -0.37465250
   -0.36944816
   -0.38307698
   -0.36494857
   -0.37154220
   -0.31696279
   -0.12466950
    0.12363409
   -0.28747479
    0.09880293
    0.09680420
    0.09290287
   -0.12337003
    0.12529653
   -0.28700651
    0.09435837
    0.09662265
    0.09409933
   -0.12267462
    0.12393819
   -0.27822417
    0.09096469
    0.09449048
    0.09150568
   -0.12923756
    0.12241061
   -0.29067220
    0.09827434
    0.09829828
    0.09943567
   -0.12562055
    0.12273958
   -0.28761911
    0.09745702
    0.09817912
    0.09484834
   -0.12576672
    0.12383422
   -0.28961170
    0.10279225
    0.09496790
    0.09378422
   -0.13981341
    0.12317334
   -0.29771750
    0.09457994
    0.08834984
    0.09835807
   -0.12694764
    0.12337468
   -0.28836768
    0.09901814
    0.09146969
    0.10145287
   -0.12390955
    0.12412910
   -0.27580214
    0.09168020
    0.08945614
    0.09330715
   -0.12329208
    0.12307556
   -0.27880195
    0.09200193
    0.09292331
    0.09408660
   -0.12401464
    0.12582057
   -0.28605898
    0.09906268
    0.09274845
    0.09244254
   -0.12295254
    0.12504313
   -0.28321513
    0.09637989
    0.08920832
    0.09483029
   -0.12490638
    0.12384025
   -0.28108335
    0.09669415
    0.08962672
    0.09579840
   -0.12539152
    0.12434548
   -0.28795387
    0.09757986
    0.09870267
    0.09271734
   -0.12283903
    0.12531246
   -0.27978093
    0.08834507
    0.09471458
    0.09425938
   -0.12732671
    0.13297620
   -0.29011462
    0.10130027
    0.09624274
    0.09792133
   -0.12526653
    0.12442778
   -0.28120291
    0.09300521
    0.09594066
    0.09172201
   -0.12419485
    0.12551265
   -0.28457160
    0.09697325
    0.09232562
    0.09397471
   -0.12378556
    0.12430575
   -0.28195618
    0.09408660
    0.09181692
    0.09553255
   -0.12424242
    0.12321776
   -0.28417257
    0.09620876
    0.09593319
    0.09305511
