           1           2  0.96613939706059559     
           1           3   1.3072663129535143     
           3           4  0.96008708945697840     
           3           5   1.2514647601131812     
           1           6   1.3065997280269024     
           6           7  0.96255740376270860     
           5           8   1.2818080400324807     
           6           8   1.3316160625957241     
           8           9  0.96062188192443632     
          10          11  0.96495427203726480     
          10          12   1.2909796581359807     
          12          13  0.96434552905169513     
          12          14   1.2992542805501126     
          14          15  0.96777945625758632     
          10          16   1.3047506253106624     
          16          17  0.96167836223090275     
          14          18   1.3440932470978229     
          16          18   1.3028646412073950     
          18          19  0.96468680199987744     
           1          20  0.29284117878103127     
           3          20  0.31941546324031972     
           5          20  0.29259467445319304     
           6          20  0.26951034055417922     
           8          20  0.26846039312126918     
          10          20  0.31119086288099623     
          12          20  0.31881070079452767     
          14          20  0.27267550936802970     
          16          20  0.30356045258008385     
          18          20  0.26657081642174080     
           5          21   1.0171773662646619     
          21          22  0.95952115918200676     
          21          23  0.96256897260656293     
          21          24  0.91409670642326046     
          24          25  0.95820327336606659     
          25          26  0.96902963065839098     
          25          27  0.97547706448315630     
          25          28  0.97346228415518254     
          24          29  0.95067455483318020     
          29          30  0.97459500312917813     
          29          31  0.96543478007044570     
          29          32  0.96961078264370903     
          24          33  0.95827527506711174     
          33          34  0.96520000682672435     
          33          35  0.97324266853654329     
          33          36  0.97663441769537140     
          37          38  0.87744798499932231     
          37          39  0.88303072162926943     
          37          40  0.86472436887024140     
          37          41  0.88404564045197553     
          37          42  0.87655575930826501     
          37          43  0.91775228329513237     
          44          45   1.0832402238045542     
          45          46   2.8247293470360479     
          44          47  0.94555951985809483     
          44          48  0.94553152414826924     
          44          49  0.94652788009676725     
          50          51   1.0851446064199419     
          51          52   2.8219805248620560     
          50          53  0.94584647992967663     
          50          54  0.94481090838216353     
          50          55  0.94601224705526865     
          56          57   1.0834838383552576     
          57          58   2.8256731210837565     
          56          59  0.94712504408990128     
          56          60  0.94585657333135109     
          56          61  0.94690128093674242     
          62          63   1.0845566676630378     
          63          64   2.8218152935292018     
          62          65  0.94562885422122367     
          62          66  0.94238863498241232     
          62          67  0.94536941424595988     
          68          69   1.0828740124608789     
          69          70   2.8250745972142841     
          68          71  0.94592099296584220     
          68          72  0.94572309847477554     
          68          73  0.94602821582798002     
          74          75   1.0850068775956203     
          75          76   2.8223699677347058     
          74          77  0.94378739630192421     
          74          78  0.94553643125067088     
          74          79  0.94573744627266243     
          80          81   1.0927757730428771     
          81          82   2.8092710971982795     
          80          83  0.94506134681475684     
          80          84  0.94178414971868751     
          80          85  0.91957721718396723     
          86          87   1.0838773074682069     
          87          88   2.8239439932128354     
          86          89  0.94524284935044545     
          86          90  0.94643848015929566     
          86          91  0.94459107450919988     
          92          93   1.0845218161075456     
          93          94   2.8243715126051501     
          92          95  0.94691598975491864     
          92          96  0.94428220308196187     
          92          97  0.94661970118404182     
          98          99   1.0824567214809571     
          99         100   2.8273048515828707     
          98         101  0.94714272661783561     
          98         102  0.94683284954933233     
          98         103  0.94629784479247847     
         104         105   1.0854970997510494     
         105         106   2.8218215036995216     
         104         107  0.94435710197313161     
         104         108  0.94614331929731244     
         104         109  0.94594653922250216     
         110         111   1.0852701483840965     
         111         112   2.8226162859743056     
         110         113  0.94570986060298123     
         110         114  0.94347276551572379     
         110         115  0.94589191315715559     
         116         117   1.0832562349568364     
         117         118   2.8262007005772478     
         116         119  0.94580729340582192     
         116         120  0.94727784327007081     
         116         121  0.94584829482068522     
         122         123   1.0847274671495695     
         123         124   2.8231041115355611     
         122         125  0.94522974373537560     
         122         126  0.94473129594708283     
         122         127  0.94593880043112943     
         128         129   1.0843486214496953     
         129         130   2.8247925673211096     
         128         131  0.94647134322484316     
         128         132  0.94594990327182504     
         128         133  0.94626690935175195     
         134         135   1.0941379965987825     
         135         136   2.8016697214932695     
         134         137  0.94173862473304248     
         134         138  0.94281922078748170     
         134         139  0.94279925261638242     
         140         141   1.0851904311828555     
         141         142   2.8229671638842024     
         140         143  0.94321304918291093     
         140         144  0.94608468151526603     
         140         145  0.94634980743187680     
         146         147   1.0846565759501758     
         147         148   2.8236808712834796     
         146         149  0.94489747320276041     
         146         150  0.94658025332804152     
         146         151  0.94576392000546994     
         152         153   1.0843970920962898     
         153         154   2.8241126740515994     
         152         155  0.94605009996994605     
         152         156  0.94663857220967318     
         152         157  0.94523577692442085     
         158         159   1.0841147095293375     
         159         160   2.8246701454915573     
         158         161  0.94537059766978970     
         158         162  0.94580968743087679     
         158         163  0.94603682562296931     
