$coord
          4.326587639523         -6.385963855838         -1.356775340677     c 
          6.670076772698         -5.863508217084         -0.288166329097     c 
          7.108906278562         -3.490480114473          0.761858859090     c 
          5.192942263555         -1.688927782697          0.817576401801     c 
          2.810278711873         -2.203653305315         -0.240208881890     c 
          2.427339275194         -4.563527382823         -1.371243796041     c 
          0.909062432464         -0.331766295278         -0.147923858320     n 
          1.598739543444          2.182828162322         -0.729068292589     c 
          0.114976660425          3.739736710885         -2.268880565063     c 
          0.836316095045          6.222627366384         -2.760563285771     c 
          3.080532988553          7.180275800052         -1.783180565416     c 
          4.606731945332          5.632393359876         -0.299633074769     c 
          3.858063995244          3.172727716167          0.257348404872     c 
          3.969360263080         -8.210251646200         -2.220601560731     h 
          8.155727621918         -7.274130277533         -0.288867923575     h 
          8.935121485787         -3.029887968366          1.570969678038     h 
          0.643619606500         -4.980680563402         -2.284008247273     h 
         -1.620376500359          3.020656625187         -3.080478162804     h 
         -0.362801745619          7.398011137268         -3.936219232799     h 
          3.650933838590          9.108470202292         -2.175456165572     h 
          6.376415355718          6.333143827782          0.461268889400     h 
          5.683123673657          1.266320748044          2.331093732943     s 
         -1.733191998148         -1.077540605467         -0.317617861711     c 
         -2.518262645436         -0.884537115164         -2.230326560621     h 
         -1.871514559742         -3.070121359650          0.184271167887     h 
         -3.381362201726          0.387085440079          1.550799864609     c 
         -2.708837918639          0.023327451784          3.489068505180     h 
         -3.254519297067          2.436310696765          1.228574602830     h 
         -5.873889031414         -0.477593941473          1.195762322852     o 
         -7.650047498730          0.725516799947          2.777146243018     c 
         -7.276839203307          0.282430507705          4.780212396106     h 
         -7.560227200880          2.794285139221          2.554991291502     h 
        -10.271983858017         -0.179293222896          2.073655869298     c 
        -10.275350868539         -2.261771144369          1.987375393366     h 
        -11.620252448339          0.394824420599          3.559394288108     h 
        -10.942447945779          0.876157776427         -0.276631049637     o 
        -13.306521246308          0.031610432850         -1.153540498111     c 
        -14.846699321262          0.524933647918          0.160909170319     h 
        -13.660234148750          0.955414991280         -2.966600809312     h 
        -13.338342161562         -2.031959385269         -1.435031085583     h 
          3.901073601811          1.451277462084         17.697758388055     c 
          6.654557095398          1.226998699026         17.687640759435     c 
          8.839856121500          1.048999085037         17.679612155245     n 
          3.188433134577          1.663414129403         19.626859650419     h 
          3.294139497025          3.097527478154         16.604240286862     h 
          3.024226094663         -0.228202703301         16.870247533157     h 
         -9.793476782251         -4.517341035087         16.724914516821     c 
         -7.039993288664         -4.741619798145         16.714796888202     c 
         -4.854696025988         -4.919617408216         16.706768154516     n 
        -10.506117249484         -4.305204367768         18.654015779186     h 
        -10.400410887036         -2.871091019018         15.631396415629     h 
        -10.670324167778         -6.196819322513         15.897403490044     h 
         -0.200707166333         13.808266000982         12.910241774046     c 
          2.552776327254         13.583987237925         12.900124145426     c 
          4.738073589930         13.405989627853         12.892095411739     n 
         -0.913347633566         14.020402668301         14.839343036410     h 
         -0.807641271118         15.454516017052         11.816723672852     h 
         -1.077554551860         12.128787713556         12.082730747269     h 
          5.836773087710        -10.569668290068         13.026456159308     c 
          8.590256459676        -10.793948931084         13.016338702568     c 
         10.775555607399        -10.971946667114         13.008309926499     n 
          5.124132498855        -10.357533500708         14.955557593552     h 
          5.229838861303         -8.923420151956         11.932938229994     h 
          4.959925580562        -12.249148455453         12.198945304410     h 
        -17.524948063280          4.937445003331         10.402952812628     c 
        -14.771464569693          4.713166240274         10.392835184009     c 
        -12.586165421970          4.535168504244         10.384806407940     n 
        -18.237588530514          5.149581670650         12.332054074993     h 
        -18.131882168066          6.583695019400          9.309434711436     h 
        -18.401795448807          3.257966715905          9.575441785852     h 
         12.533870684767          9.053172832592          7.279831674745     c 
         15.287354178354          8.828894069535          7.269714046126     c 
         17.472651319409          8.650894581504          7.261685484318     n 
         11.821230217533          9.265309499911          9.208932937110     h 
         11.926936579981         10.699422848662          6.186313573553     h 
         11.657023177619          7.373692667207          6.452320819847     h 
         -7.990792500486        -15.850097940224          8.199537899661     c 
         -5.237309006898        -16.074376703281          8.189420271042     c 
         -3.052011865843        -16.252376191312          8.181391709233     n 
         -8.703432967719        -15.637961272905         10.128639162026     h 
         -8.597726605272        -14.203847924155          7.106019798469     h 
         -8.867640007633        -17.529578105609          7.372027044763     h 
         -9.727382832541         17.362333732596          3.372430151276     c 
         -6.973899460575         17.138053091579          3.362312694535     c 
         -4.788600312853         16.960055355549          3.354283918465     n 
        -10.440023299775         17.574470399915          5.301531413640     h 
        -10.334317058948         19.008581870706          2.278912221961     h 
        -10.604230339689         15.682853567211          2.544919296377     h 
         14.680247243799         -7.044228334744          2.968106150541     c 
         17.433728852339         -7.268506971842          2.957988564304     c 
         19.619028000062         -7.446504707873          2.949959788236     n 
         13.967606776566         -6.832091667425          4.897207412907     h 
         14.073313139014         -5.397978318675          1.874588049349     h 
         13.803399858272         -8.723706622170          2.140595123765     h 
        -20.333184018358         -5.667612631086          1.943616128875     c 
        -17.579700646392         -5.891893272102          1.933498672134     c 
        -15.394401498669         -6.069891008132          1.925469896066     n 
        -21.045824607213         -5.455477841726          3.872717563118     h 
        -20.940118244765         -4.021364492975          0.850098199561     h 
        -21.210031525506         -7.347092796471          1.116105273977     h 
          6.559154474509         16.612173297772         -2.718286800954     c 
          9.312637968096         16.387894534713         -2.728404429574     c 
         11.497935109151         16.209895046683         -2.736432991381     n 
          5.846514007275         16.824309965091         -0.789185538590     h 
          5.952220369723         18.258423313841         -3.811804902147     h 
          5.682306967361         14.932693132385         -3.545797655853     h 
          1.856171721436        -18.100179991471         -1.369439393519     c 
          4.609655215022        -18.324458754528         -1.379557022138     c 
          6.794952356077        -18.502458242559         -1.387585583947     n 
          1.143531254202        -17.888043324152          0.559661868846     h 
          1.249237616650        -16.453929975402         -2.462957494711     h 
          0.979324214287        -19.779660156856         -2.196950248417     h 
        -17.829169263965          9.992311694171         -5.226285667523     c 
        -15.075685770378          9.768032931114         -5.236403296141     c 
        -12.890388629323          9.590033443084         -5.244431857950     n 
        -18.541809731198         10.204448361491         -3.297184405157     h 
        -18.436103368751         11.638561710241         -6.319803768715     h 
        -18.706016771113          8.312831528786         -6.053796522421     h 
         14.809478599113          2.276055818980         -7.361779109097     c 
         17.562960207653          2.051777181882         -7.371896695335     c 
         19.748259233754          1.873777567893         -7.379925299524     n 
         14.096838131879          2.488192486299         -5.432677846732     h 
         14.202544372706          3.922303957091         -8.455297038412     h 
         13.932631091965          0.596575653595         -8.189289963995     h 
        -13.305271036435        -13.590122252987         -7.036383810823     c 
        -10.551787542848        -13.814401016044         -7.046501439443     c 
         -8.366488516747        -13.992400630033         -7.054530043633     n 
        -14.017911503668        -13.377985585668         -5.107282548459     h 
        -13.912205141221        -11.943872236916         -8.129901912016     h 
        -14.182118543583        -15.269602418372         -7.863894665721     h 
         -3.804469606887         15.002896883767        -11.769217668377     c 
         -1.050987998346         14.778618246669        -11.779335254614     c 
          1.134311027756         14.600618632679        -11.787363858805     n 
         -4.517110074120         15.215033551086         -9.840116406013     h 
         -4.411403711673         16.649146899837        -12.862735769570     h 
         -4.681317114034         13.323416718382        -12.596728523276     h 
          7.515882515577        -10.784009390725        -11.677081178298     c 
         10.269364124116        -11.008288027823        -11.687198764535     c 
         12.454663150218        -11.186287641813        -11.695227368726     n 
          6.803242048343        -10.571872723406         -9.747979915934     h 
          6.908948410791         -9.137759374656        -12.770599279492     h 
          6.639035008428        -12.463489556110        -12.504592033197     h 
        -15.386762230278         -0.704543873830        -13.826906474114     c 
        -12.633278858312         -0.928824514846        -13.837023930855     c 
        -10.447979710589         -1.106822250876        -13.845052706923     n 
        -16.099402819132         -0.492409084470        -11.897805039870     h 
        -15.993694571638          0.941704138323        -14.920424445810     h 
        -16.263609737426         -2.384024039215        -14.654417329011     h 
          4.541337254405          5.315360857024        -16.832313021130     c 
          7.294820626372          5.091080216007        -16.842430477871     c 
          9.480117889048          4.913082605936        -16.850459211557     n 
          3.828696665551          5.527495646383        -14.903211586887     h 
          3.934403027999          6.961608995135        -17.925830950444     h 
          3.664489747258          3.635880691638        -17.659823876028     h 
         -3.654147103943         -7.200691781032        -17.374574580270     c 
         -0.900665495403         -7.424970418130        -17.384692166507     c 
          1.284633530699         -7.602970032120        -17.392720770697     n 
         -4.366787571176         -6.988555113713        -15.445473317905     h 
         -4.261081208729         -5.554441764963        -18.468092681462     h 
         -4.530994611090         -8.880171946417        -18.202085435168     h 
$end
