# indices of neighbouring atoms (max seven)
2 6 14
1 3 15
2 4 16
3 5 22
4 6 7
1 5 17
5 8 23
7 9 13
8 10 18
9 11 19
10 12 20
11 13 21
8 12 22
1
2
3
6
9
10
11
12
4 13
7 24 25 26
23
23
23 27 28 29
26
26
26 30
29 31 32 33
30
30
30 34 35 36
33
33
33 37
36 38 39 40
37
37
37
42 44 45 46
41 43
42
41
41
41
48 50 51 52
47 49
48
47
47
47
54 56 57 58
53 55
54
53
53
53
60 62 63 64
59 61
60
59
59
59
66 68 69 70
65 67
66
65
65
65
72 74 75 76
71 73
72
71
71
71
78 80 81 82
77 79
78
77
77
77
84 86 87 88
83 85
84
83
83
83
90 92 93 94
89 91
90
89
89
89
96 98 99 100
95 97
96
95
95
95
102 104 105 106
101 103
102
101
101
101
108 110 111 112
107 109
108
107
107
107
114 116 117 118
113 115
114
113
113
113
120 122 123 124
119 121
120
119
119
119
126 128 129 130
125 127
126
125
125
125
132 134 135 136
131 133
132
131
131
131
138 140 141 142
137 139
138
137
137
137
144 146 147 148
143 145
144
143
143
143
150 152 153 154
149 151
150
149
149
149
156 158 159 160
155 157
156
155
155
155
