   -0.03565100
   -0.03247856
   -0.02597411
    0.02275524
    0.04719278
   -0.04603684
   -0.20896558
    0.05166590
   -0.03709419
   -0.03424387
   -0.03476589
   -0.03470465
    0.02019564
    0.04089821
    0.04221569
    0.04019234
    0.06764663
    0.07243030
    0.06192390
    0.03918228
    0.05512577
   -0.11859297
   -0.00740645
    0.07522717
    0.06795279
    0.04561526
    0.05902824
    0.08457486
   -0.39147138
    0.05037701
    0.06154453
    0.05747088
    0.04817731
    0.06100143
    0.07162807
   -0.40703407
    0.01934799
    0.06422256
    0.03958487
    0.04724188
   -0.10251696
    0.18493934
   -0.41995799
    0.08780046
    0.12555958
    0.12417558
   -0.10417482
    0.18820443
   -0.42343839
    0.08452212
    0.12959774
    0.12528892
   -0.10316581
    0.18633323
   -0.42231257
    0.10612004
    0.11334074
    0.11968438
   -0.09645499
    0.19007074
   -0.41197728
    0.09818507
    0.10325923
    0.11691723
   -0.09933382
    0.19207926
   -0.40739096
    0.11493631
    0.11573873
    0.08397049
   -0.10183701
    0.16934007
   -0.38395498
    0.11745937
    0.11385933
    0.08513321
   -0.09936606
    0.17973933
   -0.38657239
    0.08772029
    0.13558389
    0.08289493
   -0.10109403
    0.19012565
   -0.41941014
    0.10123785
    0.11384008
    0.11530058
   -0.09579735
    0.17787019
   -0.37723146
    0.12202748
    0.08831291
    0.08481822
   -0.10249466
    0.18774296
   -0.41758756
    0.14363918
    0.08345803
    0.10524205
   -0.10287034
    0.18086041
   -0.41034737
    0.09375803
    0.09837232
    0.14022694
   -0.10542066
    0.18389163
   -0.42366630
    0.13151536
    0.12450403
    0.08917595
   -0.10647471
    0.18676341
   -0.42157830
    0.13221973
    0.08511712
    0.12395275
   -0.10077204
    0.17980718
   -0.39638047
    0.11840983
    0.11612938
    0.08280612
   -0.10140104
    0.20303050
   -0.45472728
    0.11002524
    0.12228383
    0.12078876
   -0.10381709
    0.18631832
   -0.42525423
    0.15095616
    0.09571076
    0.09608609
   -0.10462923
    0.17278285
   -0.41732084
    0.11269091
    0.13278561
    0.10369069
   -0.10149603
    0.17381100
   -0.38803703
    0.10160294
    0.12735781
    0.08676131
   -0.09792993
    0.17347832
   -0.38400947
    0.12262121
    0.08900111
    0.09683875
   -0.10518335
    0.18499113
   -0.42822827
    0.12256534
    0.13597363
    0.08988152
