           1           2   1.4330802114839660     
           2           3   1.4253538081340364     
           3           4   1.4198273900185787     
           4           5   1.3295714350108574     
           1           6   1.4392769903741922     
           5           6   1.3646094074901614     
           5           7   1.0819925205354943     
           7           8   1.0757603645707154     
           8           9   1.3623748616947329     
           9          10   1.4402545993805658     
          10          11   1.4321533668060800     
          11          12   1.4235270566300835     
           8          13   1.3320200973531422     
          12          13   1.4178876799337905     
           1          14  0.97075725500162324     
           2          15  0.96966077642421011     
           3          16  0.96838513871263354     
           6          17  0.95889934887223882     
           9          18  0.96181899192894604     
          10          19  0.96748610575259075     
          11          20  0.96713213019181055     
          12          21  0.96147670352545389     
           4          22   1.0105759659265099     
          13          22   1.0077949266132111     
           7          23  0.99531462471330556     
          23          24  0.95523845655546391     
          23          25  0.96741754890796794     
          23          26  0.99267488489240729     
          26          27  0.96453003757630196     
          26          28  0.95551007606328875     
          26          29  0.97131283400225177     
          29          30  0.98587199562053762     
          30          31  0.96532542363191698     
          30          32  0.96605158491267085     
          30          33  0.99542728749201226     
          33          34  0.96715632646710992     
          33          35  0.96536282643144666     
          33          36  0.97946556779351734     
          36          37  0.98551736644135945     
          37          38  0.97644808575954656     
          37          39  0.98048629574985791     
          37          40  0.97812094806658612     
          41          42   1.0931231716623870     
          42          43   2.7998901321056273     
          41          44  0.94772665234559283     
          41          45  0.93022261734620615     
          41          46  0.93156934646001455     
          47          48   1.0931170393383285     
          48          49   2.7942699587832269     
          47          50  0.94747879317032035     
          47          51  0.93040016850227314     
          47          52  0.92895597822983722     
          53          54   1.0926083314594464     
          54          55   2.7901262479102780     
          53          56  0.94404508759067207     
          53          57  0.93975631918978009     
          53          58  0.93146370264399492     
          59          60   1.0841138437823912     
          60          61   2.8102478456951183     
          59          62  0.94869376718737164     
          59          63  0.94621489166475681     
          59          64  0.93962255236110348     
          65          66   1.0879513467798447     
          66          67   2.8108525190014948     
          65          68  0.93489544945647995     
          65          69  0.93784187978530120     
          65          70  0.94982152822436428     
          71          72   1.0882494157429061     
          72          73   2.8155688209170320     
          71          74  0.93152689331682581     
          71          75  0.93435207149585620     
          71          76  0.94845753547943945     
          77          78   1.0837499721179964     
          78          79   2.8175484766456202     
          77          80  0.95045259069167076     
          77          81  0.92223085895347523     
          77          82  0.95149054400899802     
          83          84   1.0915165416189290     
          84          85   2.7983652150810867     
          83          86  0.94468052820528403     
          83          87  0.93767384301389411     
          83          88  0.93343617449567096     
          89          90   1.0781776896977024     
          90          91   2.8287606457483294     
          89          92  0.93845558096384207     
          89          93  0.95179220838373813     
          89          94  0.95171075916333248     
          95          96   1.0940740353167133     
          96          97   2.7972565699183476     
          95          98  0.91446262160859559     
          95          99  0.94898516033720293     
          95         100  0.94069312505652292     
         101         102   1.0913420916967167     
         102         103   2.7997375043834420     
         101         104  0.94773074186585238     
         101         105  0.94814049165254388     
         101         106  0.91976414504389115     
         107         108   1.0954990432506424     
         108         109   2.7911850231354109     
         107         110  0.92416386274505002     
         107         111  0.93110017955167845     
         107         112  0.94714077716210132     
         113         114   1.0924807691800897     
         114         115   2.8018391292261891     
         113         116  0.92171513568802177     
         113         117  0.94954923825998727     
         113         118  0.93062581058102822     
         119         120   1.0865209139884846     
         120         121   2.8135457185863149     
         119         122  0.93197361169308390     
         119         123  0.93704329639930073     
         119         124  0.95038357872647528     
         125         126   1.0963637366813397     
         126         127   2.7844107670297551     
         125         128  0.93587698096445249     
         125         129  0.93660093862625327     
         125         130  0.93594900313140406     
         131         132   1.0968371403512194     
         132         133   2.7882586604925770     
         131         134  0.91208387557562298     
         131         135  0.94726339887770017     
         131         136  0.94490719916359145     
         137         138   1.0930359250663477     
         138         139   2.8012146326731684     
         137         140  0.93884897805654921     
         137         141  0.92107068490464750     
         137         142  0.94590776676253130     
         143         144   1.0830678007257637     
         144         145   2.8208913247093808     
         143         146  0.94728407593244057     
         143         147  0.92979984158234263     
         143         148  0.95081236502817046     
         149         150   1.0809209277840277     
         150         151   2.8240160475689726     
         149         152  0.93695002244719838     
         149         153  0.95088050313239014     
         149         154  0.94924729461206647     
         155         156   1.0951937188153025     
         156         157   2.7966490543358891     
         155         158  0.93516364859521228     
         155         159  0.92290114660719724     
         155         160  0.94726642375690862     
