   -0.03488758
    0.04013948
   -0.05720138
    0.03140586
   -0.03417925
   -0.03454350
    0.04373155
   -0.04006179
    0.06021924
   -0.03340082
    0.03924501
   -0.03653565
    0.03757008
   -0.02225578
    0.05907799
   -0.03106859
    0.04340167
   -0.01222684
    0.07345359
   -0.02076088
    0.04658241
    0.04541511
    0.10998690
   -0.05704439
    0.04538205
    0.04902219
    0.10281337
    0.02485545
    0.05477223
    0.05704557
    0.06057918
    0.01934201
    0.05381707
    0.05070178
    0.10309178
    0.55185798
   -0.26664160
   -0.28008934
   -0.20505422
   -0.20945763
   -0.21253876
   -0.27579977
   -0.01823246
   -0.02926281
   -0.04331596
   -0.01711110
    0.06436980
   -0.02207873
    0.02688391
   -0.02191601
    0.04489392
    0.03668750
    0.03932018
