 -1.0
 -0.50356020252942D+01  0.13307808105448D+01 -0.24474669874040D+01 -0.37089523765529D-03  0.16818061757368D-03 -0.42213966255538D-04
 -0.58086883418037D+01 -0.18295733226754D+00 -0.35821793529897D+01 -0.33835942929810D-03 -0.17081105759686D-03  0.36237099835376D-03
 -0.25885301730944D+01  0.11370644095092D+01 -0.13863004601405D+01 -0.29540331884713D-03  0.40040533757039D-04 -0.23395688554109D-03
 -0.12878268280656D+01 -0.44117147837283D+00 -0.13583339128195D+01 -0.34305997963583D-03 -0.32586442965562D-04  0.62247333226406D-03
 -0.19539094949946D+01  0.34502990335570D+01 -0.17081448572753D+00 -0.14042331442620D-03 -0.13443244290348D-03  0.27620425222430D-04
 -0.58988587890964D+01  0.37663011488916D+01 -0.17519391531773D+01 -0.18510854144687D-03  0.20220089097548D-03  0.76647884804542D-04
 -0.76988983047980D+01  0.43609924177871D+01 -0.25150039849953D+01 -0.26493181450227D-03 -0.20922801709469D-04  0.83445083464961D-04
 -0.40018926622779D+01  0.51678105377208D+01 -0.49315677516584D+00  0.62780875914935D-04  0.81406686586377D-04 -0.15189544235116D-03
 -0.42599152063874D+01  0.71324708176045D+01  0.85671111626816D-03 -0.25800832103799D-03 -0.13323112063514D-04  0.93272676201682D-04
 -0.47173307431864D+01 -0.82381441053232D+00  0.42188629493998D+01 -0.89664603026799D-04  0.20630522007825D-03  0.32403379995380D-05
 -0.29736964286729D+01 -0.18866495367341D+01  0.43337379014735D+01  0.37533411047897D-03  0.67440532976328D-03 -0.11453106788678D-02
 -0.53748983778071D+01  0.14829711102495D+01  0.54156149721040D+01 -0.14346500807878D-04  0.17328545005092D-03  0.10983690125455D-03
 -0.41353744225279D+01  0.24535530459816D+01  0.67215461131668D+01 -0.12771434036299D-03  0.33962162027442D-03  0.97036903314817D-04
 -0.77583884093630D+01  0.21952072488898D+01  0.44205574535488D+01 -0.15045355877458D-03 -0.17715922673025D-04  0.29005738682405D-03
 -0.88150808591082D+01  0.38637311643979D+01  0.49531222302720D+01 -0.10688760442987D-04  0.15399373424642D-03  0.50094596882704D-04
 -0.66848293463523D+01 -0.16064256253381D+01  0.25752932001629D+01  0.10159268445991D-03 -0.23031303495852D-03 -0.32175971902453D-04
 -0.65554449481440D+01 -0.33848263135149D+01  0.15737095428284D+01  0.10040270755239D-02 -0.77577765356396D-03  0.85665920274712D-03
 -0.85428620653057D+01  0.32058065792647D+00  0.26804142213634D+01  0.24728137505443D-03 -0.97092876375994D-04  0.18585117494433D-03
 -0.10340616940861D+02  0.30183555493720D+00  0.17061663589043D+01  0.97538469795736D-04 -0.31375168188286D-04  0.45062923403177D-03
 -0.52305228884559D+01  0.18416664483872D+01  0.14480469802429D+01 -0.22726745725935D-03  0.21848481722219D-03  0.68211127743356D-04
  0.61772186282948D+00  0.40902867824202D+01  0.81869043558856D+00 -0.91178153824686D-04  0.35815784034729D-04 -0.20170225406399D-03
  0.12293053528133D+01  0.23520670643852D+01  0.17510231622599D+01  0.27925597101952D-03  0.31898595900651D-03  0.11872166775467D-03
  0.49581375537681D+00  0.56774961435463D+01  0.21187617445332D+01 -0.33338742644635D-03  0.41491836136536D-03 -0.65483434315203D-03
  0.26213812843664D+01  0.47842758004153D+01 -0.11089683155024D+01 -0.92500910523473D-04  0.18822809243726D-03 -0.14959725237911D-03
  0.52436493207054D+01  0.49702398500759D+01  0.15924065843650D-01 -0.90655468125068D-04 -0.31557042706603D-03 -0.46312369134754D-04
  0.62429869388246D+01  0.60874941737785D+01 -0.14008503649409D+01 -0.10511798861669D-02  0.67910798433975D-03 -0.78992763631598D-04
  0.50570197657024D+01  0.63181008480105D+01  0.15634211765015D+01 -0.89236697453544D-04  0.34005533608723D-03 -0.57015209846252D-03
  0.19390176675655D+01  0.71925242414228D+01 -0.23643119429912D+01  0.25739109137245D-03  0.17049386932987D-03 -0.38861711018766D-03
  0.35427474470848D+01  0.79652220072278D+01 -0.33941402336343D+01  0.37201643904403D-03  0.87210871989338D-03  0.22750122041953D-03
  0.28589861285009D+00  0.67480909703139D+01 -0.35065792806284D+01 -0.27645005235008D-03 -0.15778044292012D-03  0.41738085457831D-03
  0.14166583353578D+01  0.85596121728852D+01 -0.91760803736438D+00  0.16117998534946D-03 -0.19775544517223D-03 -0.57175161031975D-04
  0.28505200704302D+01  0.27380018509969D+01 -0.30226512235351D+01  0.15674589742896D-03 -0.12239260424558D-03  0.19732307329112D-03
  0.87649642625039D+00  0.22974262149092D+01 -0.33974827498451D+01  0.14397746391415D-03 -0.12606449847768D-03  0.26747740713841D-03
  0.37458270298607D+01  0.31846447232047D+01 -0.48190575409160D+01 -0.98813335236168D-03 -0.10043554968326D-02 -0.76612329841598D-03
  0.39027917257861D+01  0.10714487928724D+01 -0.24354167012967D+01  0.56944860965891D-03  0.14936455996031D-03  0.27301839902934D-03
  0.12461658551694D+01 -0.48799948358550D+01 -0.21636607238101D+01  0.20397569006623D-03 -0.16000741518017D-04 -0.44761941369735D-06
  0.13272322811541D+01 -0.38216995487185D+01  0.80806691200600D+00  0.34157217036781D-03 -0.37321921753399D-03  0.12868833834010D-03
  0.43241259848845D+01 -0.56941774458764D+01 -0.22246397558441D+01  0.21063007908950D-03  0.17451636973819D-04 -0.15223468396856D-03
  0.21829496500014D+01 -0.21573063288794D+01 -0.32023126175648D+01  0.62917436100813D-04 -0.17985949025550D-04 -0.13670296565811D-03
  0.83578252530608D+00 -0.59961126309969D+01 -0.49890037247178D+01  0.95405875478875D-04  0.69428228431948D-04 -0.19136395669702D-04
 -0.16666630938717D+01 -0.39041986188947D+01 -0.21496181996052D+01  0.20413585427401D-03 -0.96464233376564D-05  0.31254627030531D-03
  0.48847220956295D+00 -0.76875693756903D+01 -0.89065055519033D+00  0.52363554915927D-04 -0.18054036364558D-03 -0.43423137853201D-03
  0.67169403986730D+01  0.26662590106579D+01  0.79530100696905D+00  0.21561886829757D-04 -0.25287199074194D-03 -0.70823125352268D-04
  0.59165927524980D+01  0.12871252295100D+01  0.28937978092866D+01 -0.13253216885179D-03 -0.17781815675557D-03 -0.78817800684451D-04
  0.88249116120405D+01  0.20045024937049D+01 -0.64083603086054D+00  0.27474799085586D-03  0.45038285272909D-04  0.14905181429661D-03
  0.70316318095384D+01 -0.10336397542822D+01  0.33875140421200D+01 -0.21554675459663D-03 -0.20894685294826D-03 -0.35620511846071D-04
  0.44020206066635D+01  0.18183765163835D+01  0.41656507525357D+01 -0.18693789212781D-03 -0.41377455351352D-03 -0.40161394015942D-04
  0.10057945290141D+02 -0.22318970598055D+00 -0.95640027844987D-02  0.14091418407005D-03 -0.40815858523093D-05  0.24186177028271D-03
  0.94628237285464D+01  0.31296033373597D+01 -0.22326125645138D+01  0.11489293040541D-02 -0.69053592042977D-04  0.36524304734496D-03
  0.89073169982049D+01 -0.18161928616896D+01  0.17284013504439D+01 -0.24682588598006D-03 -0.12712369271506D-03 -0.11040247121954D-03
  0.67098668707164D+01 -0.20050583128545D+01  0.51617991836788D+01 -0.43562888110368D-03  0.28424327025535D-03  0.21514168794136D-03
  0.11908284338905D+02 -0.96705655498763D+00 -0.47926556832151D+00  0.39837344587417D-03  0.23064346765366D-05  0.10776692796687D-02
  0.98975421479528D+01 -0.35904580129008D+01  0.19884048041585D+01 -0.63338315952012D-03 -0.29255548772949D-03  0.41140968879285D-03
