           1           2  0.96184352421280028     
           1           3   1.2984450222177313     
           3           4  0.96156926007192889     
           3           5   1.2645689176003545     
           1           6   1.2962205451708164     
           6           7  0.96087641526989176     
           5           8   1.2585114033532492     
           6           8   1.2972976114625223     
           8           9  0.95156672176627399     
          10          11  0.95957605111347277     
          10          12   1.2826909112877865     
          12          13  0.96001540086307291     
          12          14   1.2829158587058391     
          14          15  0.95548560369710001     
          10          16   1.2825782587153562     
          16          17  0.95895959666777475     
          14          18   1.2873485918273357     
          16          18   1.2819054949699515     
          18          19  0.95240003892294645     
           1          20  0.34612333335190815     
           3          20  0.34877375986798564     
           5          20  0.33786412202047422     
           6          20  0.34887306915670480     
           8          20  0.35722917818736544     
          10          20  0.38617863292225268     
          12          20  0.38700920192528326     
          14          20  0.38342616147724518     
          16          20  0.38975347097477286     
          18          20  0.38521895818777829     
           5          21   1.0037769415315267     
          21          22  0.97597455695976543     
          21          23  0.94538225143708343     
          21          24  0.87127221643581709     
          24          25  0.88256083940087271     
          25          26  0.97066901256955340     
          25          27  0.95687633976647235     
          24          28  0.94135897433497817     
          28          29  0.98178711575746080     
          28          30  0.98475609927329022     
          28          31  0.98094682177890780     
          24          32  0.92591860437321694     
          32          33  0.98623561126690851     
          32          34  0.98236965675984211     
          32          35  0.96750843870339276     
          36          37  0.90658429861506928     
          36          38  0.87568033700655878     
          36          39   1.0108559714177643     
          36          40   1.0050942482670280     
          36          41  0.99878409175752547     
          36          42  0.88394171868449756     
          25          43   1.0069768627269338     
          43          44   1.4107388108919308     
          43          45   1.4120339916300324     
          44          46   1.4434854816883402     
          45          46  0.11061982649484253     
          44          47  0.96470149043094278     
          44          48  0.11087402946524541     
          45          48   1.4419688304875682     
          45          49  0.97085296343646288     
          43          50  0.10926570918428054     
          46          50   1.4399393550388901     
          48          50   1.4402988680241366     
          46          51  0.97256047285560310     
          48          52  0.97321167122457342     
          50          53  0.97341822116790577     
