   -0.09050807
    0.05920658
   -0.11039686
    0.06058968
   -0.08053662
   -0.09060894
    0.05210871
   -0.10246175
    0.05274360
   -0.09264796
    0.05283362
   -0.09544310
    0.04606180
   -0.08981143
    0.03444797
   -0.09195689
    0.04039892
   -0.08420927
    0.03103655
    0.58378097
   -0.05288823
    0.10585595
    0.08410995
    0.13948607
   -0.10290234
    0.11175033
    0.08905917
    0.10395597
   -0.11455159
    0.10494396
    0.12117774
    0.11306406
   -0.11095713
    0.11750054
    0.10661046
    0.08985783
    1.16827679
   -0.36496700
   -0.35242036
   -0.37249507
   -0.36396123
   -0.37119535
   -0.34124278
   -0.12322899
    0.12446633
   -0.28242953
    0.09232381
    0.09290991
    0.09595852
   -0.12455931
    0.12384038
   -0.28504456
    0.09195877
    0.10038858
    0.09341699
   -0.12320508
    0.12429257
   -0.27916814
    0.09099051
    0.09375459
    0.09333620
   -0.12623673
    0.12400948
   -0.28556490
    0.09955268
    0.09302953
    0.09390473
   -0.12652596
    0.12381707
   -0.29110332
    0.09574350
    0.09538096
    0.10270767
   -0.12649140
    0.12346887
   -0.29025950
    0.10153188
    0.09446871
    0.09728142
   -0.12607831
    0.12283860
   -0.28803310
    0.09468039
    0.09463649
    0.10183093
   -0.12659499
    0.12463773
   -0.28803079
    0.09906067
    0.08982577
    0.10110203
   -0.12115516
    0.12582376
   -0.27540447
    0.09209329
    0.08443172
    0.09435688
   -0.12270840
    0.12360695
   -0.28117915
    0.09398701
    0.09376987
    0.09252413
   -0.12356926
    0.12473791
   -0.28294491
    0.09813486
    0.09120949
    0.09243230
   -0.12510705
    0.12505643
   -0.28351552
    0.09121900
    0.09288828
    0.09800857
   -0.12548660
    0.12403439
   -0.28458991
    0.09883156
    0.08934874
    0.09782117
   -0.12624427
    0.12356148
   -0.28782066
    0.09557139
    0.09998437
    0.09494738
   -0.12376604
    0.12507249
   -0.28459997
    0.09565498
    0.09793009
    0.08976423
   -0.12800209
    0.13291771
   -0.29268736
    0.10215850
    0.09560942
    0.10095394
   -0.12309120
    0.12551501
   -0.28213406
    0.08928768
    0.09736963
    0.09209770
   -0.12344461
    0.12451765
   -0.28271526
    0.09689311
    0.09194143
    0.09280686
   -0.12312597
    0.12522404
   -0.28266576
    0.09469970
    0.09306142
    0.09280677
   -0.12394865
    0.12465124
   -0.28598506
    0.09436085
    0.09766499
    0.09326415
