           1           2  0.96016141587227766     
           1           3   1.3121934183629751     
           3           4  0.95948147487588997     
           3           5   1.2555564817354796     
           1           6   1.2979443385208531     
           6           7  0.96239066759769476     
           5           8   1.2604928957598127     
           6           8   1.3199000957311942     
           8           9  0.96136524898596387     
          10          11  0.95875649495662962     
          10          12   1.3032755682632260     
          12          13  0.96350068546314971     
          12          14   1.3024945471118976     
          14          15  0.96320841362409226     
          10          16   1.2923614167728146     
          16          17  0.96212966291920299     
          14          18   1.3052146721782294     
          16          18   1.3133372539304058     
          18          19  0.96485354743872132     
           1          20  0.30565955406890882     
           3          20  0.31573504958688958     
           5          20  0.31072150018454797     
           6          20  0.29792510279095380     
           8          20  0.30504518706180189     
          10          20  0.32250091385244062     
          12          20  0.30838084483644029     
          14          20  0.31176539740912584     
          16          20  0.31196364790299591     
          18          20  0.29943200194036779     
           5          21   1.0141930855248480     
          21          22  0.95705200935863022     
          21          23  0.96421846036717629     
          21          24  0.91320427139699534     
          24          25  0.95976246259550435     
          25          26  0.96854045504442898     
          25          27  0.97625658347967825     
          25          28  0.97359404554071372     
          24          29  0.94915374857863288     
          29          30  0.97409515859332374     
          29          31  0.96454320892149759     
          29          32  0.96891572181365349     
          24          33  0.95872779862744806     
          33          34  0.96772872060527948     
          33          35  0.97288501339366129     
          33          36  0.97667804716049578     
          37          38  0.88816513429123956     
          37          39  0.90344911881283885     
          37          40  0.87853018537626382     
          37          41  0.88557892424140539     
          37          42  0.87886408612603195     
          37          43  0.91433011487314353     
          44          45   1.0838781485000364     
          45          46   2.8244102202907082     
          44          47  0.94659507366267048     
          44          48  0.94606688490228907     
          44          49  0.94603346883113715     
          50          51   1.0843060569269902     
          51          52   2.8240528178348754     
          50          53  0.94627850234933031     
          50          54  0.94457177159081473     
          50          55  0.94622834541019130     
          56          57   1.0841500215282500     
          57          58   2.8246047237333185     
          56          59  0.94669824513489653     
          56          60  0.94643788513545801     
          56          61  0.94602137450441559     
          62          63   1.0846717716383132     
          63          64   2.8228668349314479     
          62          65  0.94502486532707164     
          62          66  0.94360963972314538     
          62          67  0.94639251234091781     
          68          69   1.0846017776538861     
          69          70   2.8224731028907839     
          68          71  0.94556893887779403     
          68          72  0.94552734777292025     
          68          73  0.94407948191615865     
          74          75   1.0839733374657272     
          75          76   2.8231223916272357     
          74          77  0.94444699572848601     
          74          78  0.94604103272076512     
          74          79  0.94552607739230377     
          80          81   1.0844456542890684     
          81          82   2.8234276542969123     
          80          83  0.94580758738782378     
          80          84  0.94571225476708987     
          80          85  0.94443191217662648     
          86          87   1.0847381763675807     
          87          88   2.8228093978937094     
          86          89  0.94479283272785519     
          86          90  0.94667438862273467     
          86          91  0.94444823501347053     
          92          93   1.0851315906508388     
          93          94   2.8236384365165366     
          92          95  0.94673301455804992     
          92          96  0.94449317751580919     
          92          97  0.94599511572280748     
          98          99   1.0818644800791566     
          99         100   2.8277303854838016     
          98         101  0.94675290848570537     
          98         102  0.94679767473024123     
          98         103  0.94708407963092500     
         104         105   1.0846208047340624     
         105         106   2.8234880044690582     
         104         107  0.94474155972517360     
         104         108  0.94683659938498521     
         104         109  0.94624998858661247     
         110         111   1.0853353167480315     
         111         112   2.8224397971419921     
         110         113  0.94674013417717229     
         110         114  0.94313640887977590     
         110         115  0.94522305633187864     
         116         117   1.0839368786607668     
         117         118   2.8246261847830643     
         116         119  0.94508405528753969     
         116         120  0.94711706356404646     
         116         121  0.94525088043341299     
         122         123   1.0829947004011413     
         123         124   2.8249285732469640     
         122         125  0.94626659433054994     
         122         126  0.94541285180241541     
         122         127  0.94591033331003160     
         128         129   1.0840831438416705     
         129         130   2.8243951800558627     
         128         131  0.94535176809519361     
         128         132  0.94528467214488554     
         128         133  0.94699205825551935     
         134         135   1.0950869066051097     
         135         136   2.8005403573999996     
         134         137  0.94155099337660542     
         134         138  0.94265003670254366     
         134         139  0.94145002861246163     
         140         141   1.0853816402000529     
         141         142   2.8227359098123195     
         140         143  0.94327295116054155     
         140         144  0.94538971505093639     
         140         145  0.94654335286679725     
         146         147   1.0843533164991872     
         147         148   2.8242825045783793     
         146         149  0.94503786756794828     
         146         150  0.94670536905090552     
         146         151  0.94613117845393691     
         152         153   1.0842012911296082     
         153         154   2.8241423267563150     
         152         155  0.94578178853840134     
         152         156  0.94659486609653598     
         152         157  0.94602470368834080     
         158         159   1.0848419353641472     
         159         160   2.8232737561161407     
         158         161  0.94550336619690656     
         158         162  0.94506773515461129     
         158         163  0.94595405398483234     
