   -0.10006573
    0.05409762
   -0.11822558
    0.05693323
   -0.08022700
   -0.10017239
    0.04855600
   -0.10489628
    0.05291875
   -0.10279752
    0.04816764
   -0.10311988
    0.04900206
   -0.09381516
    0.03921684
   -0.09610930
    0.03795812
   -0.08594606
    0.03543120
    0.66497428
   -0.06062600
    0.10783667
    0.08986060
    0.14436658
   -0.10883898
    0.10636556
    0.08931538
    0.11691250
   -0.11885160
    0.11772224
    0.11373392
    0.10897013
   -0.11594769
    0.11081793
    0.12001623
    0.08770609
    1.20531883
   -0.37710650
   -0.37069839
   -0.38042740
   -0.36426174
   -0.37203616
   -0.33065691
   -0.12945723
    0.13237227
   -0.30104118
    0.10681191
    0.10187484
    0.10074131
   -0.12918980
    0.13074134
   -0.30319396
    0.11477957
    0.09562218
    0.09385492
   -0.12787233
    0.12327557
   -0.28821713
    0.11257483
    0.08773178
    0.08571644
   -0.12919024
    0.12759566
   -0.29441434
    0.10067786
    0.09932062
    0.10152239
   -0.13496959
    0.12721079
   -0.31031563
    0.12144138
    0.09051731
    0.09925940
   -0.12491546
    0.12806783
   -0.29377378
    0.09962099
    0.09992297
    0.09258022
   -0.13862676
    0.12952840
   -0.30243882
    0.10084385
    0.09159478
    0.10079523
   -0.12795179
    0.12833624
   -0.29501992
    0.10500467
    0.09609470
    0.09959451
   -0.12492820
    0.12416278
   -0.27784310
    0.09408230
    0.08933158
    0.09391750
   -0.13071974
    0.12840072
   -0.29681416
    0.08940069
    0.12028806
    0.09042416
   -0.13163307
    0.13197436
   -0.29888209
    0.09160321
    0.12034247
    0.08910121
   -0.12312703
    0.12917115
   -0.28710979
    0.09658294
    0.09131697
    0.09667554
   -0.12930736
    0.12403668
   -0.28618371
    0.09368013
    0.09222853
    0.09543321
   -0.12704942
    0.13246398
   -0.29345950
    0.10215062
    0.10104699
    0.09455649
   -0.00079396
    0.13565380
   -0.23698815
    0.09092763
    0.13821439
    0.09583698
   -0.12791696
    0.13189168
   -0.29094823
    0.10253488
    0.09859387
    0.09563377
   -0.12579214
    0.12440710
   -0.28189660
    0.09262512
    0.09729981
    0.09203589
   -0.12365915
    0.13708756
   -0.24196627
    0.08033706
    0.07690125
    0.07501449
   -0.12789769
    0.12496963
   -0.29577384
    0.09994783
    0.10222824
    0.08795097
   -0.13376360
    0.13018866
   -0.30131815
    0.08940373
    0.09328899
    0.12038040
   -0.12444094
    0.12342699
   -0.29081925
    0.09268138
    0.09159856
    0.10348700
   -0.12474138
    0.12245689
   -0.28956708
    0.09292608
    0.10358085
    0.09011099
   -0.12377538
    0.12915074
   -0.28836181
    0.09532285
    0.09735195
    0.09710323
   -0.12826530
    0.12386369
   -0.29561883
    0.09072978
    0.09098221
    0.11161792
   -0.12574439
    0.12437828
   -0.29176158
    0.10637763
    0.09118009
    0.08876022
   -0.12481034
    0.12613865
   -0.29204516
    0.10207792
    0.09152084
    0.09561572
   -0.12967242
    0.12370925
   -0.29866685
    0.08747615
    0.11706079
    0.09130616
   -0.12493533
    0.12425875
   -0.28981008
    0.09532058
    0.09421140
    0.10095553
   -0.12249623
    0.12394090
   -0.28312572
    0.09376713
    0.09436392
    0.09354975
   -0.12514433
    0.12911195
   -0.28894195
    0.09794263
    0.10025437
    0.09476124
   -0.12662046
    0.12942816
   -0.29614299
    0.10838235
    0.09284180
    0.09430682
   -0.12510539
    0.12318466
   -0.29081611
    0.09432635
    0.10034592
    0.09364447
   -0.12275079
    0.12520254
   -0.28393809
    0.09635061
    0.09086857
    0.09426755
   -0.12562530
    0.12279422
   -0.29461435
    0.10634147
    0.09081080
    0.09475988
   -0.09553444
   -0.15735377
   -0.05946161
   -0.00233513
    0.05037724
    0.04722165
   -0.12427505
    0.12367793
   -0.28647380
    0.09765161
    0.09060176
    0.09881759
   -0.12302905
    0.12406039
   -0.28609769
    0.09579506
    0.09471265
    0.09455843
   -0.12099449
    0.13455068
   -0.24301138
    0.07391840
    0.07757227
    0.07426205
   -0.13039379
    0.12687375
   -0.30036830
    0.09061356
    0.08817315
    0.12038536
   -0.13120102
    0.13096100
   -0.30044042
    0.11666950
    0.09631512
    0.09290638
