           1           2  0.96401506744765264     
           1           3   1.3018356362608023     
           3           4  0.95854979514294281     
           3           5   1.2578901089563368     
           1           6   1.3101251111701713     
           6           7  0.96279893635954339     
           5           8   1.2787249087990031     
           6           8   1.3137538945938585     
           8           9  0.96032116705371096     
          10          11  0.96197953776192069     
          10          12   1.2913718720176111     
          12          13  0.96308841391911360     
          12          14   1.3015855637724663     
          14          15  0.96806270914333326     
          10          16   1.3042878574403554     
          16          17  0.96202672661936561     
          14          18   1.3251082874607898     
          16          18   1.3069061939159576     
          18          19  0.96503274354659829     
           1          20  0.29454143363822699     
           3          20  0.31774036760469382     
           5          20  0.29074492998760304     
           6          20  0.28324921136576686     
           8          20  0.29100553606280583     
          10          20  0.31199297526928288     
          12          20  0.31515551636043576     
          14          20  0.28575443742983025     
          16          20  0.29747410124263879     
          18          20  0.28105872158178602     
           5          21   1.0177683273807452     
          21          22  0.95962532601397021     
          21          23  0.96433098050844068     
          21          24  0.91909633153096726     
          24          25  0.95888720035135688     
          25          26  0.97074640021743686     
          25          27  0.97649247057744581     
          25          28  0.96936699542821469     
          24          29  0.94938597948670489     
          29          30  0.96522102090681527     
          29          31  0.96500269988418319     
          29          32  0.97064380573002529     
          24          33  0.95722282921500146     
          33          34  0.96932187384334645     
          33          35  0.96172896761504889     
          33          36  0.97752733170872963     
          37          38  0.87378336878257334     
          37          39  0.88173913832880169     
          37          40  0.86819374718396813     
          37          41  0.88699728809597900     
          37          42  0.87505004089585658     
          37          43  0.91904880262229038     
          44          45   1.0950400301844048     
          45          46   2.7967771432359299     
          44          47  0.94045444504561992     
          44          48  0.94071216655465151     
          44          49  0.94172976259667684     
          50          51   1.0956761871329188     
          51          52   2.7939145470471893     
          50          53  0.92635936263367857     
          50          54  0.94282675651173475     
          50          55  0.94316679173788720     
          56          57   1.0875153483260345     
          57          58   2.8181997080605363     
          56          59  0.93147754842386710     
          56          60  0.94701695590875634     
          56          61  0.94734015586210274     
          62          63   1.0889883049101374     
          63          64   2.8114040598374421     
          62          65  0.94322353908297429     
          62          66  0.94183223034377228     
          62          67  0.94393635553353250     
          68          69   1.0957962118815356     
          69          70   2.7960678150191249     
          68          71  0.92558940503293474     
          68          72  0.94388075024220308     
          68          73  0.93357266383000237     
          74          75   1.0889225108476996     
          75          76   2.8125770165931696     
          74          77  0.94365540298765926     
          74          78  0.94127113592162914     
          74          79  0.94506250375885847     
          80          81   1.0953866290707652     
          81          82   2.8017928830809087     
          80          83  0.94232940887965988     
          80          84  0.93967225126923870     
          80          85  0.92931609380732161     
          86          87   1.0879337390871870     
          87          88   2.8105441183994104     
          86          89  0.94285858112301280     
          86          90  0.94494519009224498     
          86          91  0.94352456890042957     
          92          93   1.0844773020103677     
          93          94   2.8241731581983194     
          92          95  0.94640020093036270     
          92          96  0.94426053831182100     
          92          97  0.94652789190546816     
          98          99   1.0934878952314393     
          99         100   2.8065661218382258     
          98         101  0.94530535113178327     
          98         102  0.92701044132800126     
          98         103  0.94456101446606588     
         104         105   1.0997499679665088     
         105         106   2.7922714985897770     
         104         107  0.94225785336355972     
         104         108  0.92505135345147882     
         104         109  0.94340416259217152     
         110         111   1.0896547804847561     
         111         112   2.8102958530772830     
         110         113  0.94431112939600215     
         110         114  0.94210267082999688     
         110         115  0.94406002847495274     
         116         117   1.0853371180709328     
         117         118   2.8222340551249490     
         116         119  0.94543272033033809     
         116         120  0.94593510402624392     
         116         121  0.94059238813202950     
         122         123   1.0924533177446802     
         123         124   2.8015881265635496     
         122         125  0.94245008298158228     
         122         126  0.94192577788646414     
         122         127  0.94307968389676033     
         128         129   1.0451046660102341     
         129         130   2.8447735385871651     
         128         131  0.93110867566648192     
         128         133  0.92957468219821082     
         134         135   1.0943872583962497     
         135         136   2.8016177626960310     
         134         137  0.94133054575800779     
         134         138  0.94235467949628815     
         134         139  0.94285841450998031     
         140         141   1.0854862441705346     
         141         142   2.8223829446903839     
         140         143  0.94330310839564957     
         140         144  0.94551339562703696     
         140         145  0.94642964658117557     
         146         147   1.0410560138051441     
         147         148  0.92135699770172164     
         146         149  0.96893646568391290     
         146         150  0.96822697732288654     
         146         151  0.96881992034512476     
         152         153   1.0910470470361244     
         153         154   2.8123224168588505     
         152         155  0.93438431681005407     
         152         156  0.93475958111968049     
         152         157  0.94541363812466817     
         158         159   1.0955180232788782     
         159         160   2.8024877994044246     
         158         161  0.94464983211953846     
         158         162  0.94378022632591396     
         158         163  0.92251257491254979     
         164         165   1.0844462944912840     
         165         166   2.8218855737124611     
         164         167  0.94681470521807887     
         164         168  0.94675232097938755     
         164         169  0.93572390507119729     
         170         171   1.0847664040603040     
         171         172   2.8218245739269103     
         170         173  0.94641021276607828     
         170         174  0.93366437716511752     
         170         175  0.94715799794556665     
         176         177   1.0873588709380508     
         177         178   2.8161986172434741     
         176         179  0.94540605824113155     
         176         180  0.94422818783718165     
         176         181  0.94445663848308226     
         182         183   1.0880564562051509     
         183         184   2.8163405488433035     
         182         185  0.94614768399791394     
         182         186  0.94612367038917045     
         182         187  0.93049053308724472     
         188         189   1.0883830207831231     
         189         190   2.8163221369823130     
         188         191  0.92934085380556331     
         188         192  0.94590164157515022     
         188         193  0.94667450049602397     
         194         195   1.0860079515955234     
         195         196   2.8182361840359489     
         194         197  0.93831972505834638     
         194         198  0.94648974240818728     
         194         199  0.94569963469769069     
         200         201   1.0880732868121081     
         201         202   2.8158903703653726     
         200         203  0.94666175350255721     
         200         204  0.92835163799686293     
         200         205  0.94617262951575731     
         206         207   1.0839992368792362     
         207         208   2.8231240963382493     
         206         209  0.94585265446333699     
         206         210  0.94610241527095174     
         206         211  0.94469336721568908     
         212         213   1.0824858546419145     
         213         214   2.8267536402254470     
         212         215  0.94632936497706310     
         212         216  0.94666178710714899     
         212         217  0.94646502946207700     
         218         219   1.0875704933215877     
         219         220   2.8164591103938972     
         218         221  0.94438213436936724     
         218         222  0.94386500792087435     
         218         223  0.94506456840553232     
         224         225   1.0927791438432533     
         225         226   2.8070368441095805     
         224         227  0.92851062395924311     
         224         228  0.94495241315847478     
         224         229  0.94367919053224703     
         230         231   1.0849188599194470     
         231         232   2.8211186420007106     
         230         233  0.94604289684490461     
         230         234  0.93529959265060048     
         230         235  0.94665223471173388     
         236         237   1.0829646456482069     
         237         238   2.8257315167371551     
         236         239  0.94584698926156308     
         236         240  0.94722568215721914     
         236         241  0.94632635605359461     
         242         243   1.0861016970633395     
         243         244   2.8191571980458554     
         242         245  0.93194828128975682     
         242         246  0.94651211929743784     
         242         247  0.94568594907771486     
         248         249   1.0646846877246512     
         128         250  0.99120125703308293     
         132         250  0.91141076157211320     
         249         250   1.6068462310911664     
         248         251  0.97018135236448511     
         248         252  0.96130257352482440     
         248         253  0.95910288605839988     
         254         255   1.0823086156590651     
         255         256   2.8261519646149393     
         254         257  0.94594705477828511     
         254         258  0.94720766578194060     
         254         259  0.94558674114515040     
         260         261   1.0833845608118196     
         261         262   2.8247690835267161     
         260         263  0.94577783949998062     
         260         264  0.94596940768097870     
         260         265  0.94633958321434186     
         147         267  0.95781412359696172     
         148         267  0.92144329053826257     
         266         267   1.0396200676855942     
         147         268  0.92137263298964023     
         148         268  0.93367480628321387     
         267         268  0.92139872892600261     
         266         269  0.96964992134734196     
         266         270  0.97002905716602139     
         266         271  0.96940784216748377     
         272         273   1.0918029636966060     
         273         274   2.8053757230510530     
         272         275  0.94528602900315117     
         272         276  0.94604026527701968     
         272         277  0.92506829154769710     
         278         279   1.0943305617078161     
         279         280   2.8035511394254731     
         278         281  0.92760225937378760     
         278         282  0.94358240126294302     
         278         283  0.94393211888446715     
